../miniconda3/envs/carnd-term1-gpu/bin/python Traffic_Sign_Classifier_7.py
Number of training examples    = 34799
Number of validation examples  = 4410
Number of testing examples     = 12630
Image data shape = (32, 32, 3)
Number of classes = 43
Training...

netdir:  dummy-to-renew
  FILTER1_NUM =  64
  FILTER2_NUM =  84
  FRC1_NUM    =  240
  FRC2_NUM    =  240

EPOCHS ,Valid  ,Test   ,Train  ,msg
      1,0.30136,
      2,0.45397,
      3,0.56735,
      4,0.65601,
      5,0.69524,0.74656,0.81985,
      6,0.72948,
      7,0.75170,
      8,0.78435,
      9,0.80363,
     10,0.80476,0.84988,0.92474,
     11,0.81519,
     12,0.81814,
     13,0.82948,
     14,0.84240,
     15,0.85034,0.87672,0.95517,
     16,0.85057,
     17,0.84875,
     18,0.86259,
     19,0.85510,
     20,0.86122,0.89145,0.97043,
     21,0.86508,
     22,0.87528,
     23,0.87528,
     24,0.88345,
     25,0.87483,0.90538,0.97802,
     26,0.87279,
     27,0.88345,
     28,0.89161,
     29,0.88231,
     30,0.88458,0.90689,0.98089,
     31,0.88662,
     32,0.89478,
     33,0.88776,
     34,0.88866,
     35,0.89456,0.91734,0.98506,
     36,0.89184,
     37,0.89320,
     38,0.89887,
     39,0.89365,
     40,0.89456,0.91908,0.98684,
     41,0.89977,
     42,0.90136,
     43,0.90113,
     44,0.90272,
     45,0.90839,0.92375,0.99055,
     46,0.91247,
     47,0.90476,
     48,0.89864,
     49,0.89909,
     50,0.90567,0.92106,0.98911,
     51,0.90635,
     52,0.90227,
     53,0.90590,
     54,0.90930,
     55,0.90771,0.92399,0.99101,
     56,0.90771,
     57,0.91088,
     58,0.90159,
     59,0.90635,
     60,0.91655,0.92692,0.99296,
     61,0.92041,
     62,0.91066,
     63,0.90454,
     64,0.91293,
     65,0.91134,0.93191,0.99244,
     66,0.91156,
     67,0.92063,
     68,0.91066,
     69,0.91406,
     70,0.89841,0.92557,0.98963,
     71,0.91678,
     72,0.91950,
     73,0.92540,
     74,0.91995,
     75,0.91837,0.92937,0.99351,
     76,0.92109,
     77,0.91587,
     78,0.91270,
     79,0.92132,
     80,0.91905,0.93151,0.99319,
     81,0.92245,
     82,0.91995,
     83,0.91542,
     84,0.91837,
     85,0.91701,0.93515,0.99466,
     86,0.91587,
     87,0.92086,
     88,0.92041,
     89,0.91882,
     90,0.92109,0.93246,0.99454,
     91,0.92381,
     92,0.91769,
     93,0.91723,
     94,0.92336,
     95,0.92313,0.93492,0.99408,
     96,0.91791,
     97,0.92063,
     98,0.92449,
     99,0.91610,
    100,0.92018,0.93222,0.99471,
    101,0.91020,
    102,0.91814,
    103,0.92041,
    104,0.92698,
    105,0.92676,0.93793,0.99543,
    106,0.92109,
    107,0.92063,
    108,0.92540,
    109,0.92721,
    110,0.92698,0.93935,0.99537,
    111,0.91814,
    112,0.91882,
    113,0.92494,
    114,0.92540,
    115,0.92268,0.94244,0.99609,
    116,0.92766,
    117,0.93447,0.94521,0.99658, ** Model saved **
    118,0.92063,
    119,0.92177,
    120,0.92154,0.94054,0.99615,
    121,0.92948,
    122,0.92517,
    123,0.93288,
    124,0.92336,
    125,0.92857,0.93500,0.99635,
    126,0.91973,
    127,Makefile:30: recipe for target 'train7' failed
