../miniconda3/envs/carnd-term1-gpu/bin/python Traffic_Sign_Classifier_extra.py
Number of training examples    = 34799
Number of validation examples  = 4410
Number of testing examples     = 12630
Image data shape = (32, 32, 3)
Number of classes = 43
X_train augmented
Number of training examples    = 35969
Training...

netdir:  lenet-large-extra
  FILTER1_NUM =  64
  FILTER2_NUM =  84
  FRC1_NUM    =  240
  FRC2_NUM    =  240

EPOCHS ,Valid  ,Test   ,Train  ,msg
      1,0.31542,
      2,0.49773,
      3,0.63469,
      4,0.70726,
      5,0.75556,0.75796,0.83252,
      6,0.79478,
      7,0.81224,
      8,0.84059,
      9,0.85918,
     10,0.86009,0.85938,0.94259,
     11,0.87642,
     12,0.88231,
     13,0.89206,
     14,0.89138,
     15,0.89796,0.88955,0.97025,
     16,0.90272,
     17,0.90703,
     18,0.91179,
     19,0.91451,
     20,0.91882,0.90689,0.98223,
     21,0.92290,
     22,0.92744,
     23,0.92336,
     24,0.92971,
     25,0.93333,0.92003,0.98866,
     26,0.93175,
     27,0.92812,
     28,0.92404,
     29,0.93968,
     30,0.93288,0.91995,0.99077,
     31,0.93968,
     32,0.93560,
     33,0.93764,
     34,0.93787,
     35,0.94127,0.92652,0.99127,
     36,0.93696,
     37,0.94603,
     38,0.94989,
     39,0.94580,
     40,0.94649,0.93056,0.99352,
     41,0.94830,
     42,0.94580,
     43,0.94739,
     44,0.95147,
     45,0.94626,0.93127,0.99525,
     46,0.94512,
     47,0.95397,
     48,0.95351,
     49,0.94762,
     50,0.95374,0.92945,0.99475,
     51,0.94762,
     52,0.95533,
     53,0.95601,
     54,0.95057,
     55,0.95215,0.93191,0.99533,
     56,0.95034,
     57,0.95488,
     58,0.95442,
     59,0.95873,
     60,0.95465,0.94054,0.99622,
     61,0.95465,
     62,0.95011,
     63,0.95193,
     64,0.94875,
     65,0.95193,0.93903,0.99675,
     66,0.95556,
     67,0.95510,
     68,0.95306,
     69,0.95782,
     70,0.95442,0.94276,0.99794,
     71,0.95578,
     72,0.95397,
     73,0.95601,
     74,0.96190,
     75,0.95488,0.93983,0.99755,
     76,0.95397,
     77,0.95941,
     78,0.96122,
     79,0.96213,
     80,0.95896,0.94244,0.99786,
     81,0.96327,
     82,0.95737,
     83,0.96168,
     84,0.95737,
     85,0.95624,0.94386,0.99733,
     86,0.95805,
     87,0.96122,
     88,0.96281,
     89,0.95283,
     90,0.96281,0.94838,0.99797,
     91,0.95669,
     92,0.95624,
     93,0.95828,
     94,0.96712,
     95,0.95646,0.94204,0.99741,
     96,0.95850,
     97,0.96531,
     98,0.96417,
     99,0.96825,
    100,0.96712,0.94450,0.99791,
    101,0.95918,
    102,0.96213,
    103,0.95828,
    104,0.96372,
    105,0.95692,0.94537,0.99766,
    106,0.96100,
    107,0.96122,
    108,0.96757,
    109,0.96054,
    110,0.95873,0.94830,0.99786,
    111,0.96168,
    112,0.96803,
    113,0.96236,
    114,0.97029,0.94861,0.99878, ** Model saved **
    115,0.96939,0.94893,0.99892,
    116,0.96712,
    117,0.96304,
    118,0.95782,
    119,0.96485,
    120,0.96757,0.94751,0.99889,
    121,0.96576,
    122,0.96236,
    123,0.96871,
    124,0.96871,
    125,0.96621,0.94782,0.99844,
    126,0.97052,0.94663,0.99869, ** Model saved **
    127,0.95034,
    128,0.96485,
    129,0.96599,
    130,0.96213,0.94988,0.99875,
    131,0.95578,
    132,0.96395,
    133,0.95918,
    134,0.96349,
    135,0.96712,0.95241,0.99875,
    136,0.96259,
    137,0.96122,
    138,0.96440,
    139,0.96168,
    140,0.96032,0.94988,0.99836,
    141,0.96372,
    142,0.96984,
    143,0.96463,
    144,0.96259,
    145,0.95941,0.94964,0.99853,
    146,0.95646,
    147,0.96100,
    148,0.96531,
    149,0.96440,
    150,0.96485,0.95004,0.99889,
    151,0.96780,
    152,0.96372,
    153,0.95918,
    154,0.96077,
    155,0.96417,0.94798,0.99825,
    156,0.96689,
    157,0.96485,
    158,0.96893,
    159,0.96667,
    160,0.96281,0.94917,0.99886,
    161,0.97007,
    162,0.95964,
    163,0.96825,
    164,0.96916,
    165,0.96644,0.94790,0.99855,
    166,0.96689,
    167,0.96803,
    168,0.96644,
    169,0.96508,
    170,0.96009,0.95051,0.99861,
    171,0.96508,
    172,0.96100,
    173,0.96349,
    174,0.96667,
    175,0.96735,0.94877,0.99905,
    176,0.96871,
    177,0.96939,
    178,0.96984,
    179,0.96712,
    180,0.96689,0.94703,0.99850,
    181,0.96576,
    182,0.96825,
    183,0.96871,
    184,0.97188,0.95139,0.99911, ** Model saved **
    185,0.96735,0.94956,0.99883,
    186,0.97143,
    187,0.96644,
    188,0.96939,
    189,0.96485,
    190,0.96689,0.95162,0.99947,
    191,0.96463,
    192,0.96712,
    193,0.96531,
    194,0.96576,
    195,0.96712,0.95210,0.99944,
    196,0.96848,
    197,0.97143,
    198,0.97029,
    199,0.97188,0.95044,0.99914, ** Model saved **
    200,0.96825,0.95162,0.99886,
    201,0.96871,
    202,0.97188,0.95400,0.99892, ** Model saved **
    203,0.96644,
    204,0.96190,
    205,0.96213,0.95067,0.99908,
    206,0.96621,
    207,0.96871,
    208,0.97007,
    209,0.96848,
    210,0.97098,0.94933,0.99886,
    211,0.96644,
