../miniconda3/envs/carnd-term1-gpu/bin/python Traffic_Sign_Classifier_extra.py
Number of training examples    = 34799
Number of validation examples  = 4410
Number of testing examples     = 12630
Image data shape = (32, 32, 3)
Number of classes = 43
X_train augmented
Number of training examples    = 35969
Training...

netdir:  lenet-large-extra
  FILTER1_NUM =  64
  FILTER2_NUM =  84
  FRC1_NUM    =  240
  FRC2_NUM    =  240

EPOCHS ,Valid  ,Test   ,Train  ,msg
      1,0.31519,
      2,0.50272,
      3,0.63900,
      4,0.70544,
      5,0.75805,0.76073,0.83511,
      6,0.79796,
      7,0.81610,
      8,0.84603,
      9,0.85465,
     10,0.85873,0.86231,0.94089,
     11,0.88050,
     12,0.88571,
     13,0.88957,
     14,0.89705,
     15,0.90227,0.88749,0.96978,
     16,0.90340,
     17,0.90317,
     18,0.91701,
     19,0.91678,
     20,0.91361,0.90839,0.98162,
     21,0.92653,
     22,0.92721,
     23,0.92358,
     24,0.92608,
     25,0.93424,0.91615,0.98718,
     26,0.93492,
     27,0.93220,
     28,0.93515,
     29,0.94104,
     30,0.93923,0.92138,0.99066,
     31,0.93469,
     32,0.93855,
     33,0.93537,
     34,0.93991,
     35,0.94512,0.92344,0.99191,
     36,0.93946,
     37,0.94671,
     38,0.94218,
     39,0.94082,
     40,0.94966,0.92209,0.99361,
     41,0.94830,
     42,0.94535,
     43,0.95193,
     44,0.95397,
     45,0.94853,0.92969,0.99508,
     46,0.95102,
     47,0.95011,
     48,0.94989,
     49,0.95147,
     50,0.95510,0.93460,0.99664,
     51,0.94853,
     52,0.95669,
     53,0.95465,
     54,0.96077,
     55,0.95646,0.93373,0.99647,
     56,0.95238,
     57,0.95760,
     58,0.95170,
     59,0.95533,
     60,0.94558,0.93325,0.99602,
     61,0.95624,
     62,0.95556,
     63,0.95782,
     64,0.95737,
     65,0.94762,0.93397,0.99627,
     66,0.95737,
     67,0.95374,
     68,0.95873,
     69,0.95510,
     70,0.95238,0.94212,0.99669,
     71,0.96281,
     72,0.95986,
     73,0.96168,
     74,0.96349,
     75,0.95714,0.93824,0.99686,
     76,0.96145,
     77,0.95805,
     78,0.96054,
     79,0.96009,
     80,0.96145,0.94125,0.99772,
     81,0.96372,
     82,0.95488,
     83,0.96281,
     84,0.96304,
     85,0.95986,0.94624,0.99803,
     86,0.96122,
     87,0.96077,
     88,0.96032,
     89,0.96395,
     90,0.95805,0.94481,0.99789,
     91,0.96644,
     92,0.95850,
     93,0.96281,
     94,0.96440,
     95,0.96009,0.94070,0.99772,
     96,0.96145,
     97,0.96395,
     98,0.96372,
     99,0.96531,
    100,0.96168,0.94117,0.99819,
    101,0.96463,
    102,0.96553,
    103,0.96054,
    104,0.96236,
    105,0.96100,0.94727,0.99817,
    106,0.95964,
    107,0.96281,
    108,0.96417,
    109,0.96349,
    110,0.96621,0.94228,0.99822,
    111,0.97211,0.94885,0.99864, ** Model saved **
    112,0.96259,
    113,0.96916,
    114,0.96916,
    115,0.96553,0.94339,0.99828,
    116,0.96553,
    117,0.95964,
    118,0.96236,
    119,0.96372,
    120,0.96327,0.95115,0.99892,
    121,0.96848,
    122,0.95918,
    123,0.96009,
    124,0.96100,
    125,0.97029,0.95059,0.99897,
    126,0.96825,
    127,0.96893,
    128,0.96689,
    129,0.96621,
    130,0.96395,0.94442,0.99747,
    131,0.96871,
    132,0.96780,
    133,0.96168,
    134,0.96984,
    135,0.97052,0.94830,0.99886,
    136,0.96984,
    137,0.97029,
    138,0.96259,
    139,0.96939,
    140,0.96508,0.94766,0.99872,
    141,0.96871,
    142,0.96553,
    143,0.96757,
    144,0.96122,
    145,0.97234,0.94616,0.99886, ** Model saved **
    146,0.96621,
    147,0.96236,
    148,0.96463,
    149,0.96122,
    150,0.96372,0.94846,0.99878,
    151,0.96644,
    152,0.96757,
    153,0.96304,
    154,0.97007,
    155,0.96961,0.94513,0.99878,
    156,0.96893,
    157,0.96327,
    158,0.96712,
    159,0.96780,
    160,0.96712,0.94671,0.99894,
    161,0.96871,
    162,0.96576,
    163,0.96780,
    164,0.95873,
    165,0.96780,0.94885,0.99883,
    166,0.96621,
    167,0.96984,
    168,0.96281,
    169,0.96599,
    170,0.96757,0.94949,0.99883,
    171,0.96893,
    172,0.96825,
    173,0.97007,
    174,0.96644,
    175,0.97120,0.95067,0.99914,
    176,0.96440,
    177,0.96757,
    178,0.97120,
    179,0.96463,
    180,0.96576,0.94632,0.99761,
    181,0.97166,
    182,0.97098,
    183,0.96848,
    184,0.96780,
    185,0.96939,0.94363,0.99855,
    186,0.96599,
    187,0.97098,
    188,0.96961,
    189,0.96440,
    190,0.96893,0.95281,0.99905,
    191,0.96939,
    192,0.97120,
    193,0.96689,
    194,0.97279,0.95004,0.99919, ** Model saved **
    195,0.97029,0.94838,0.99939,
    196,0.96893,
    197,0.96780,
    198,0.96848,
    199,0.96961,
    200,0.96803,0.95273,0.99903,
    201,0.96644,
    202,0.97075,
    203,0.97483,0.95360,0.99950, ** Model saved **
    204,0.97279,
    205,0.96236,0.94925,0.99833,
    206,0.96712,
    207,0.96803,
    208,0.96984,
    209,0.96531,
    210,0.96984,0.95210,0.99942,
    211,0.96984,
    212,0.96871,
    213,0.96893,
    214,0.96667,
    215,0.96667,0.95598,0.99919,
    216,0.97234,
    217,0.97347,
    218,0.97438,
    219,0.96780,
    220,0.96939,0.95044,0.99903,
    221,0.96961,
    222,0.97143,
    223,0.96621,
    224,0.96939,
    225,0.97211,0.95059,0.99919,
    226,0.96961,
    227,0.97166,
    228,0.96689,
    229,0.97098,
    230,0.97007,0.95432,0.99944,
    231,0.96531,
    232,0.96327,
    233,0.97143,
    234,0.96463,
    235,0.96848,0.94854,0.99903,
    236,0.96508,
    237,0.97755,0.95542,0.99925, ** Model saved **
    238,0.96780,
    239,0.96893,
    240,0.96667,0.95297,0.99930,
    241,0.96576,
    242,0.96984,
    243,0.97234,
    244,0.97143,
    245,0.97234,0.95313,0.99950,
    246,0.97687,
    247,0.96780,
    248,0.97007,
    249,0.97823,0.95226,0.99944, ** Model saved **
    250,0.96984,0.95344,0.99961,
    251,0.97166,
    252,0.97052,
    253,0.97415,
    254,0.97188,
    255,0.97392,0.94941,0.99942,
    256,0.97098,
    257,0.97460,
    258,0.97075,
    259,0.96961,
    260,0.96893,0.95249,0.99928,
    261,0.97029,
    262,0.97075,
    263,0.96780,
    264,0.97279,
    265,0.96825,0.95384,0.99914,
    266,0.97075,
    267,0.97392,
    268,0.96553,
    269,0.96893,
    270,0.97120,0.95344,0.99908,
    271,0.97324,
    272,0.97279,
    273,0.96757,
    274,0.97687,
    275,0.96984,0.95194,0.99922,
    276,0.97098,
    277,0.97234,
    278,0.96667,
    279,0.96961,
    280,0.97415,0.95368,0.99947,
    281,0.97188,
    282,0.96984,
    283,0.96735,
    284,0.97075,
    285,0.96939,0.95257,0.99942,
    286,0.97392,
    287,0.97347,
    288,0.97279,
    289,0.96621,
    290,0.96689,0.94988,0.99930,
    291,0.96735,
    292,0.97052,
    293,0.97188,
    294,0.97460,
    295,0.97098,0.95693,0.99953,
    296,0.96803,
    297,0.96871,
    298,0.97143,
    299,0.97438,
    300,0.97075,0.95875,0.99936,
    301,0.96803,
    302,0.96372,
    303,0.96644,
    304,0.97664,
    305,0.97007,0.95368,0.99914,
    306,0.96553,
    307,0.97483,
    308,0.97438,
    309,0.97007,
    310,0.97188,0.95360,0.99917,
    311,0.97302,
    312,0.97460,
    313,0.97029,
    314,0.96871,
    315,0.96757,0.95329,0.99878,
    316,0.97029,
    317,0.97166,
    318,0.97710,
    319,0.97551,
    320,0.97324,0.95344,0.99942,
    321,0.97800,
    322,0.97188,
    323,0.96757,
    324,0.96984,
    325,0.96848,0.95534,0.99950,
    326,0.97188,
    327,0.97370,
    328,0.96984,
    329,0.96984,
    330,0.96621,0.95495,0.99933,
    331,0.97120,
    332,0.96961,
    333,0.97052,
    334,0.96825,
    335,0.96984,0.95424,0.99933,
    336,0.96508,
    337,0.97098,
    338,0.97098,
    339,0.97279,
    340,0.97370,0.95629,0.99964,
    341,0.96916,
    342,0.97279,
    343,0.97415,
    344,0.97234,
    345,0.97052,0.95416,0.99953,
    346,0.97370,
    347,0.97256,
    348,0.97710,
    349,0.96871,
    350,0.97279,0.95471,0.99933,
    351,0.97438,
    352,0.97302,
    353,0.96916,
    354,0.96939,
    355,0.96939,0.95661,0.99947,
    356,0.97664,
    357,0.96871,
    358,0.97596,
    359,0.97029,
    360,0.96916,0.95051,0.99928,
    361,0.97415,
    362,0.97619,
    363,0.97642,
    364,0.97415,
    365,0.97596,0.95867,0.99958,
    366,0.97732,
    367,0.97528,
    368,0.97506,
    369,0.97166,
    370,0.97098,0.95590,0.99956,
    371,0.97007,
    372,0.96893,
    373,0.97120,
    374,0.97324,
    375,0.97075,0.95376,0.99964,
    376,0.97166,
    377,0.97302,
    378,0.97234,
    379,0.97143,
    380,0.97438,0.95677,0.99950,
    381,0.97370,
    382,0.97324,
    383,0.97506,
    384,0.97143,
    385,0.96871,0.95107,0.99914,
    386,0.97483,
    387,0.97619,
    388,0.97324,
    389,0.96939,
    390,0.96916,0.95432,0.99939,
    391,0.96939,
    392,0.96848,
    393,0.97188,
    394,0.97098,
    395,0.97370,0.95463,0.99947,
    396,0.97302,
    397,0.97256,
    398,0.97347,
    399,0.97143,
    400,0.97823,0.95827,0.99950, ** Model saved **
    401,0.97506,
    402,0.97528,
    403,0.97324,
    404,0.97732,
    405,0.97188,0.95162,0.99958,
    406,0.97098,
    407,0.97211,
    408,0.97483,
    409,0.97755,
    410,0.97415,0.95550,0.99969,
    411,0.97506,
    412,0.97415,
    413,0.97755,
    414,0.97823,
    415,0.97483,0.95424,0.99956,
    416,0.97370,
    417,0.97438,
    418,0.97642,
    419,0.97415,
    420,0.97483,0.95970,0.99964,
    421,0.97415,
    422,0.97778,
    423,0.97710,
    424,0.97302,
    425,0.97120,0.95321,0.99958,
    426,0.97166,
    427,0.97347,
    428,0.97211,
    429,0.97324,
    430,0.97392,0.95907,0.99969,
    431,0.97528,
    432,0.97370,
    433,0.96304,
    434,0.97619,
    435,0.97347,0.95384,0.99956,
    436,0.97664,
    437,0.97347,
    438,0.97596,
    439,0.97166,
    440,0.97098,0.95614,0.99939,
    441,0.96916,
    442,0.97279,
    443,0.97166,
    444,0.97392,
    445,0.97370,0.95321,0.99961,
    446,0.97664,
    447,0.97800,
    448,0.97324,
    449,0.97506,
    450,0.97188,0.95273,0.99944,
    451,0.97506,
    452,0.97710,
    453,0.97347,
    454,0.97279,
    455,0.97052,0.95376,0.99944,
    456,0.97438,
    457,0.97052,
    458,0.97642,
    459,0.97279,
    460,0.96939,0.95732,0.99958,
    461,0.97347,
    462,0.96259,
    463,0.97211,
    464,0.97256,
    465,0.97460,0.95131,0.99953,
    466,0.97279,
    467,0.97438,
    468,0.97120,
    469,0.96825,
    470,0.97234,0.95257,0.99953,
    471,0.97778,
    472,0.97596,
    473,0.97143,
    474,0.97460,
    475,0.97460,0.95337,0.99969,
    476,0.97438,
    477,0.97279,
    478,0.97370,
    479,0.97120,
    480,0.97052,0.95503,0.99939,
    481,0.97347,
    482,0.97098,
    483,0.97166,
    484,0.96893,
    485,0.97188,0.95566,0.99950,
    486,0.97256,
    487,0.97415,
    488,0.97460,
    489,0.96984,
    490,0.97188,0.95883,0.99967,
    491,0.97166,
    492,0.97098,
    493,0.96825,
    494,0.97370,
    495,0.97029,0.95685,0.99953,
    496,0.97279,
    497,0.97347,
    498,0.97574,
    499,0.97098,
    500,0.97460,0.95764,0.99967,

Validation Accuracy = 0.97755
test Accuracy       = 0.95677
Training Accuracy   = 0.99961

#../miniconda3/envs/carnd-term1-gpu/bin/python Traffic_Sign_Classifier.py
