../miniconda3/envs/carnd-term1-gpu/bin/python Traffic_Sign_Classifier_extra.py
Number of training examples    = 34799
Number of validation examples  = 4410
Number of testing examples     = 12630
Image data shape = (32, 32, 3)
Number of classes = 43
X_train augmented
Number of training examples    = 35969
Training...

netdir:  lenet-large-extra
  FILTER1_NUM =  64
  FILTER2_NUM =  84
  FRC1_NUM    =  240
  FRC2_NUM    =  240

EPOCHS ,Valid  ,Test   ,Train  ,msg
      1,0.31202,
      2,0.50363,
      3,0.64082,
      4,0.70499,
      5,0.75941,0.76089,0.83286,
      6,0.79524,
      7,0.81383,
      8,0.84376,
      9,0.85351,
     10,0.85714,0.86239,0.94367,
     11,0.87551,
     12,0.87891,
     13,0.89274,
     14,0.89501,
     15,0.89683,0.88892,0.96997,
     16,0.90998,
     17,0.90068,
     18,0.90771,
     19,0.91156,
     20,0.91043,0.90776,0.97848,
     21,0.92608,
     22,0.92766,
     23,0.92517,
     24,0.93107,
     25,0.92449,0.91298,0.98524,
     26,0.92540,
     27,0.92676,
     28,0.93197,
     29,0.93787,
     30,0.93583,0.91995,0.98952,
     31,0.93810,
     32,0.94127,
     33,0.94512,
     34,0.93651,
     35,0.93673,0.92557,0.99149,
     36,0.93787,
     37,0.93946,
     38,0.94082,
     39,0.94853,
     40,0.94512,0.92874,0.99466,
     41,0.94127,
     42,0.94354,
     43,0.94082,
     44,0.94490,
     45,0.94422,0.93104,0.99564,
     46,0.94603,
     47,0.95238,
     48,0.94966,
     49,0.94762,
     50,0.94603,0.93302,0.99294,
     51,0.94263,
     52,0.95283,
     53,0.94762,
     54,0.94921,
     55,0.95760,0.93508,0.99639,
     56,0.94717,
     57,0.95896,
     58,0.94558,
     59,0.94830,
     60,0.94989,0.93919,0.99680,
     61,0.95351,
     62,0.94739,
     63,0.95374,
     64,0.95873,
     65,0.94966,0.94157,0.99639,
     66,0.95578,
     67,0.95374,
     68,0.95556,
     69,0.95488,
     70,0.95760,0.94378,0.99708,
     71,0.95351,
     72,0.95646,
     73,0.95692,
     74,0.96213,
     75,0.95646,0.94268,0.99736,
     76,0.95964,
     77,0.95714,
     78,0.95782,
     79,0.95556,
     80,0.96281,0.94283,0.99791,
     81,0.94989,
     82,0.94966,
     83,0.95850,
     84,0.95624,
     85,0.96168,0.94291,0.99780,
     86,0.96100,
     87,0.96100,
     88,0.95873,
     89,0.96145,
     90,0.96077,0.95131,0.99830,
     91,0.96100,
     92,0.96259,
     93,0.96372,
     94,0.96848,
     95,0.96009,0.94790,0.99839,
     96,0.95896,
     97,0.96372,
     98,0.95624,
     99,0.95533,
    100,0.96032,0.94347,0.99822,
    101,0.96077,
    102,0.96440,
    103,0.96349,
    104,0.95896,
    105,0.95556,0.94624,0.99844,
    106,0.96304,
    107,0.96372,
    108,0.96349,
    109,0.95986,
    110,0.96077,0.94592,0.99778,
    111,0.95624,
    112,0.96667,
    113,0.95828,
    114,0.96644,
    115,0.97098,0.94806,0.99822, ** Model saved **
    116,0.96780,
    117,0.96576,
    118,0.96780,
    119,0.97007,
    120,0.96236,0.94798,0.99828,
    121,0.96190,
    122,0.96871,
    123,0.96145,
    124,0.96281,
    125,0.96485,0.94402,0.99786,
    126,0.97052,
    127,0.96667,
    128,0.96576,
    129,0.96440,
    130,0.96871,0.94988,0.99878,
    131,0.97120,0.94838,0.99905, ** Model saved **
    132,0.96531,
    133,0.96236,
    134,0.96190,
    135,0.96372,0.94885,0.99844,
    136,0.96259,
    137,0.96485,
    138,0.96712,
    139,0.96599,
    140,0.96440,0.95020,0.99883,
    141,0.96553,
    142,0.96281,
    143,0.96848,
    144,0.96395,
    145,0.96712,0.95004,0.99894,
    146,0.96213,
    147,0.96508,
    148,0.95805,
    149,0.96417,
    150,0.96780,0.94996,0.99905,
    151,0.96599,
    152,0.95986,
    153,0.96349,
    154,0.96236,
    155,0.96735,0.94766,0.99911,
    156,0.96803,
    157,0.96168,
    158,0.96508,
    159,0.96984,
    160,0.96553,0.95249,0.99869,
