../miniconda3/envs/carnd-term1-gpu/bin/python Traffic_Sign_Classifier_extra.py
Number of training examples    = 34799
Number of validation examples  = 4410
Number of testing examples     = 12630
Image data shape = (32, 32, 3)
Number of classes = 43
X_train augmented
Number of training examples    = 35159
Training...

netdir:  lenet-large-extra
  FILTER1_NUM =  64
  FILTER2_NUM =  84
  FRC1_NUM    =  240
  FRC2_NUM    =  240

EPOCHS ,Valid  ,Test   ,Train  ,msg
      1,0.32290,
      2,0.50340,
      3,0.62268,
      4,0.70272,
      5,0.74308,0.74378,0.82938,
      6,0.78662,
      7,0.81995,
      8,0.83197,
      9,0.83900,
     10,0.84671,0.84933,0.93933,
     11,0.86939,
     12,0.87347,
     13,0.87710,
     14,0.88934,
     15,0.89592,0.88353,0.97031,
     16,0.90113,
     17,0.90272,
     18,0.91383,
     19,0.90839,
     20,0.91814,0.90048,0.97833,
     21,0.91678,
     22,0.91633,
     23,0.93039,
     24,0.92336,
     25,0.92222,0.90855,0.98666,
     26,0.93107,
     27,0.92698,
     28,0.93243,
     29,0.92744,
     30,0.93401,0.91940,0.99078,
     31,0.93061,
     32,0.94150,
     33,0.93855,
     34,0.93696,
     35,0.93991,0.91845,0.99269,
     36,0.94195,
     37,0.93787,
     38,0.94172,
     39,0.93787,
     40,0.94059,0.92755,0.99403,
     41,0.94399,
     42,0.94989,
     43,0.94399,
     44,0.94172,
     45,0.94127,0.93373,0.99511,
     46,0.94807,
     47,0.95125,
     48,0.93991,
     49,0.95102,
     50,0.94762,0.93112,0.99559,
     51,0.94785,
     52,0.95442,
     53,0.95215,
     54,0.94966,
     55,0.95057,0.93500,0.99667,
     56,0.95102,
     57,0.95601,
     58,0.95170,
     59,0.95624,
     60,0.95238,0.93642,0.99687,
     61,0.95669,
     62,0.95941,
     63,0.94762,
     64,0.95306,
     65,0.95215,0.93531,0.99690,
     66,0.95147,
     67,0.95601,
     68,0.95442,
     69,0.95941,
     70,0.95306,0.93666,0.99716,
     71,0.95533,
     72,0.95828,
     73,0.95465,
     74,0.95782,
     75,0.95601,0.93959,0.99730,
     76,0.95782,
     77,0.95261,
     78,0.95646,
     79,0.95646,
     80,0.96259,0.94434,0.99738,
     81,0.95850,
     82,0.95533,
     83,0.95306,
     84,0.95488,
     85,0.95692,0.94038,0.99781,
     86,0.95646,
     87,0.96168,
     88,0.95850,
     89,0.96440,
     90,0.95918,0.94434,0.99798,
     91,0.95669,
     92,0.95873,
     93,0.95669,
     94,0.96304,
     95,0.96236,0.94371,0.99784,
     96,0.96395,
     97,0.95873,
     98,0.96009,
     99,0.96168,
    100,0.96100,0.94489,0.99818,
    101,0.95669,
    102,0.96304,
    103,0.95986,
    104,0.96372,
    105,0.96236,0.94196,0.99787,
    106,0.96417,
    107,0.95986,
    108,0.96417,
    109,0.96145,
    110,0.96304,0.94252,0.99844,
    111,0.95646,
    112,0.96032,
    113,0.96236,
    114,0.95986,
    115,0.95646,0.94600,0.99855,
    116,0.96190,
    117,0.96463,
    118,0.96304,
    119,0.96236,
    120,0.96145,0.94656,0.99909,
    121,0.96213,
    122,0.96735,
    123,0.96100,
    124,0.96009,
    125,0.96531,0.94371,0.99841,
    126,0.96712,
    127,0.96689,
    128,0.96667,
    129,0.95941,
    130,0.96553,0.94632,0.99858,
    131,0.96689,
    132,0.96485,
    133,0.96304,
    134,0.96463,
    135,0.96349,0.94949,0.99883,
    136,0.96689,
    137,0.96440,
    138,0.96327,
    139,0.96916,
    140,0.96395,0.94846,0.99863,
    141,0.96644,
    142,0.96599,
    143,0.95488,
    144,0.96009,
    145,0.96871,0.94640,0.99881,
    146,0.96531,
    147,0.96463,
    148,0.96259,
    149,0.96621,
    150,0.96712,0.94545,0.99898,
    151,0.96599,
    152,0.96599,
    153,0.96531,
    154,0.96213,
    155,0.96757,0.94877,0.99909,
    156,0.96463,
    157,0.97007,0.94949,0.99906, ** Model saved **
    158,0.96757,
    159,0.95941,
    160,0.95873,0.94386,0.99878,
    161,0.96667,
    162,0.96825,
    163,0.96508,
    164,0.96122,
    165,0.96553,0.94877,0.99886,
    166,0.96100,
    167,0.96145,
    168,0.95737,
    169,0.96259,
    170,0.96712,0.94956,0.99878,
    171,0.95986,
    172,0.96440,
    173,0.96463,
    174,0.97098,0.95107,0.99915, ** Model saved **
    175,0.96984,0.94766,0.99824,
    176,0.96485,
    177,0.96599,
    178,0.97052,
    179,0.96145,
    180,0.96372,0.94537,0.99892,
    181,0.97143,0.95337,0.99923, ** Model saved **
    182,0.96893,
    183,0.96735,
    184,0.96485,
    185,0.96236,0.94687,0.99858,
    186,0.96213,
    187,0.95986,
    188,0.96372,
    189,0.96553,
    190,0.96259,0.94822,0.99923,
    191,0.96599,
    192,0.96961,
    193,0.96667,
    194,0.96757,
    195,0.96757,0.95170,0.99903,
    196,0.96531,
    197,0.96961,
    198,0.96644,
    199,0.96689,
    200,0.97007,0.94988,0.99900,
    201,0.96871,
    202,0.96961,
    203,0.97234,0.94964,0.99952, ** Model saved **
    204,0.96236,
    205,0.96848,0.95139,0.99900,
    206,0.96304,
    207,0.96871,
    208,0.97256,0.95146,0.99949, ** Model saved **
    209,0.96939,
    210,0.97188,0.94695,0.99832,
    211,0.97166,
    212,0.96190,
    213,0.96735,
    214,0.96689,
    215,0.96848,0.94806,0.99903,
    216,0.96689,
    217,0.97007,
    218,0.96871,
    219,0.97007,
    220,0.96485,0.94632,0.99861,
    221,0.97120,
    222,0.96916,
    223,0.96553,
    224,0.96803,
    225,0.97302,0.95360,0.99940, ** Model saved **
    226,0.97302,0.95115,0.99957, ** Model saved **
    227,0.96735,
    228,0.96803,
    229,0.96848,
    230,0.96349,0.94798,0.99923,
    231,0.96848,
    232,0.96893,
    233,0.96485,
    234,0.96621,
    235,0.96644,0.94671,0.99903,
    236,0.96599,
    237,0.95986,
    238,0.96054,
    239,0.96463,
    240,0.96531,0.94956,0.99886,
    241,0.97052,
    242,0.96916,
    243,0.97415,0.95178,0.99929, ** Model saved **
    244,0.97029,
    245,0.97098,0.95416,0.99946,
    246,0.96780,
    247,0.96984,
    248,0.96689,
    249,0.97256,
    250,0.97143,0.95107,0.99954,
    251,0.96417,
    252,0.96825,
    253,0.97120,
    254,0.96871,
    255,0.96667,0.95146,0.99898,
    256,0.96281,
    257,0.97098,
    258,0.96961,
    259,0.96372,
    260,0.96803,0.95170,0.99918,
    261,0.96848,
    262,0.96213,
    263,0.96508,
    264,0.96689,
    265,0.96689,0.95503,0.99954,
    266,0.97075,
    267,0.97075,
    268,0.97143,
    269,0.96825,
    270,0.96259,0.95004,0.99875,
    271,0.96780,
    272,0.96780,
    273,0.96531,
    274,0.96961,
    275,0.96780,0.94735,0.99932,
    276,0.96372,
    277,0.96644,
    278,0.96803,
    279,0.96689,
    280,0.97415,0.95574,0.99918,
    281,0.97256,
    282,0.97029,
    283,0.96621,
    284,0.96961,
    285,0.96735,0.94814,0.99912,
    286,0.96259,
    287,0.96508,
    288,0.96644,
    289,0.95964,
    290,0.96961,0.95376,0.99952,
    291,0.96984,
    292,0.96689,
    293,0.96984,
    294,0.97075,
    295,0.97075,0.95289,0.99957,
    296,0.96667,
    297,0.96712,
    298,0.96984,
    299,0.97279,
    300,0.97279,0.95368,0.99937,
    301,0.97120,
    302,0.97392,
    303,0.96916,
    304,0.96984,
    305,0.96667,0.95234,0.99915,
    306,0.96825,
    307,0.96644,
    308,0.96190,
    309,0.96168,
    310,0.96689,0.95139,0.99909,
    311,0.96848,
    312,0.96939,
    313,0.96825,
    314,0.96825,
    315,0.97392,0.95313,0.99920,
    316,0.97324,
    317,0.97551,0.95257,0.99957, ** Model saved **
    318,0.96712,
    319,0.96803,
    320,0.97052,0.95028,0.99920,
    321,0.97098,
    322,0.96916,
    323,0.96644,
    324,0.97234,
    325,0.96553,0.95139,0.99906,
    326,0.96961,
    327,0.97098,
    328,0.96712,
    329,0.97188,
    330,0.97120,0.95463,0.99937,
    331,0.97166,
    332,0.97120,
    333,0.97120,
    334,0.97302,
    335,0.97234,0.94640,0.99903,
    336,0.97075,
    337,0.96961,
    338,0.97007,
    339,0.97188,
    340,0.96803,0.95408,0.99920,
    341,0.96848,
    342,0.96961,
    343,0.97347,
    344,0.97324,
    345,0.96916,0.95337,0.99943,
    346,0.96961,
    347,0.96667,
    348,0.96757,
    349,0.97166,
    350,0.96599,0.94933,0.99852,
    351,0.96961,
    352,0.96667,
    353,0.96395,
    354,0.96984,
    355,0.97188,0.95701,0.99943,
    356,0.97234,
    357,0.97370,
    358,0.96961,
    359,0.97143,
    360,0.97143,0.95281,0.99923,
    361,0.97347,
    362,0.96780,
    363,0.96939,
    364,0.96780,
    365,0.97347,0.95337,0.99900,
    366,0.97029,
    367,0.96871,
    368,0.97052,
    369,0.96871,
    370,0.96893,0.95439,0.99929,
    371,0.96893,
    372,0.97324,
    373,0.97120,
    374,0.97143,
    375,0.96871,0.95115,0.99915,
    376,0.96825,
    377,0.96825,
    378,0.96009,
    379,0.97324,
    380,0.96871,0.95194,0.99952,
    381,0.97302,
    382,0.97098,
    383,0.97324,
    384,0.97120,
    385,0.97324,0.95321,0.99900,
    386,0.97279,
    387,0.96848,
    388,0.97007,
    389,0.96485,
    390,0.97324,0.95566,0.99960,
    391,0.97846,0.95669,0.99972, ** Model saved **
    392,0.97234,
    393,0.97143,
    394,0.97075,
    395,0.97370,0.95400,0.99963,
    396,0.97392,
    397,0.96417,
    398,0.97256,
    399,0.97007,
    400,0.97279,0.95732,0.99943,
    401,0.97370,
    402,0.97302,
    403,0.97166,
    404,0.97052,
    405,0.97302,0.95542,0.99943,
    406,0.97392,
    407,0.97211,
    408,0.97256,
    409,0.97052,
    410,0.97370,0.95408,0.99943,
    411,0.97574,
    412,0.97256,
    413,0.97370,
    414,0.97256,
    415,0.97188,0.95772,0.99954,
    416,0.97302,
    417,0.96961,
    418,0.97211,
    419,0.97392,
    420,0.96893,0.95542,0.99954,
    421,0.97098,
    422,0.96871,
    423,0.96984,
    424,0.97188,
    425,0.96667,0.95693,0.99952,
    426,0.97029,
    427,0.97347,
    428,0.97211,
    429,0.97256,
    430,0.97347,0.95701,0.99983,
    431,0.97188,
    432,0.97256,
    433,0.96599,
    434,0.97392,
    435,0.97188,0.95812,0.99960,
    436,0.96871,
    437,0.97642,
    438,0.97460,
    439,0.96621,
    440,0.97120,0.95139,0.99954,
    441,0.97483,
    442,0.97098,
    443,0.97120,
    444,0.97052,
    445,0.97302,0.95471,0.99952,
    446,0.97256,
    447,0.97143,
    448,0.97256,
    449,0.97370,
    450,0.97528,0.95432,0.99960,
    451,0.97324,
    452,0.97370,
    453,0.97052,
    454,0.97460,
    455,0.96757,0.95249,0.99912,
    456,0.96803,
    457,0.97234,
    458,0.96848,
    459,0.97256,
    460,0.97256,0.95463,0.99977,
    461,0.97188,
    462,0.96939,
    463,0.97098,
    464,0.96893,
    465,0.97460,0.95344,0.99974,
    466,0.96757,
    467,0.96599,
    468,0.96803,
    469,0.96871,
    470,0.97098,0.95337,0.99980,
    471,0.97007,
    472,0.97029,
    473,0.97029,
    474,0.96825,
    475,0.97551,0.95788,0.99963,
    476,0.96780,
    477,0.97075,
    478,0.96893,
    479,0.97052,
    480,0.97166,0.95083,0.99929,
    481,0.97120,
    482,0.96984,
    483,0.97166,
    484,0.96984,
    485,0.97120,0.95321,0.99954,
    486,0.97007,
    487,0.96893,
    488,0.96757,
    489,0.97166,
    490,0.97279,0.95344,0.99940,
    491,0.97029,
    492,0.96712,
    493,0.96667,
    494,0.97166,
    495,0.97098,0.95178,0.99952,
    496,0.96825,
    497,0.97098,
    498,0.96757,
    499,0.97007,
    500,0.97234,0.95162,0.99929,

Validation Accuracy = 0.97324
test Accuracy       = 0.95234
Training Accuracy   = 0.99923

#../miniconda3/envs/carnd-term1-gpu/bin/python Traffic_Sign_Classifier.py
