../miniconda3/envs/carnd-term1-gpu/bin/python Traffic_Sign_Classifier.py
Number of training examples    = 34799
Number of validation examples  = 4410
Number of testing examples     = 12630
Image data shape = (32, 32, 3)
Number of classes = 43
Training...

netdir:  dummy-to-renew
  FILTER1_NUM =  64
  FILTER2_NUM =  84
  FRC1_NUM    =  240
  FRC2_NUM    =  240

EPOCHS ,Valid  ,Test   ,Train  ,msg
      1,0.28753,
      2,0.44286,
      3,0.54512,
      4,0.63583,
      5,0.68844,0.71797,0.79011,
      6,0.72857,
      7,0.75601,
      8,0.78209,
      9,0.80068,
     10,0.80454,0.83365,0.90968,
     11,0.81927,
     12,0.82971,
     13,0.84127,
     14,0.84580,
     15,0.84580,0.86785,0.94718,
     16,0.85578,
     17,0.85782,
     18,0.86100,
     19,0.87143,
     20,0.86916,0.89707,0.96707,
     21,0.86667,
     22,0.87800,
     23,0.88639,
     24,0.88481,
     25,0.88753,0.89865,0.97146,
     26,0.88866,
     27,0.88912,
     28,0.89524,
     29,0.89433,
     30,0.89320,0.90736,0.98075,
     31,0.89025,
     32,0.90045,
     33,0.90635,
     34,0.90363,
     35,0.90544,0.91259,0.98365,
     36,0.91361,
     37,0.90884,
     38,0.90680,
     39,0.90884,
     40,0.91156,0.91995,0.98649,
     41,0.91088,
     42,0.90998,
     43,0.91156,
     44,0.91723,
     45,0.90385,0.91623,0.98805,
     46,0.90363,
     47,0.91837,
     48,0.91111,
     49,0.91791,
     50,0.91973,0.92526,0.99032,
     51,0.92177,
     52,0.91837,
     53,Makefile:27: recipe for target 'train' failed
