../miniconda3/envs/carnd-term1-gpu/bin/python Traffic_Sign_Classifier_7.py
Number of training examples    = 34799
Number of validation examples  = 4410
Number of testing examples     = 12630
Image data shape = (32, 32, 3)
Number of classes = 43
Training...

netdir:  dummy-to-renew
  FILTER1_NUM =  64
  FILTER2_NUM =  84
  FRC1_NUM    =  240
  FRC2_NUM    =  240

EPOCHS ,Valid  ,Test   ,Train  ,msg
      1,0.32744,
      2,0.50612,
      3,0.61474,
      4,0.68481,
      5,0.74966,0.74592,0.82468,
      6,0.78707,
      7,0.79592,
      8,0.82177,
      9,0.83379,
     10,0.85034,0.85519,0.93534,
     11,0.86213,
     12,0.85964,
     13,0.88481,
     14,0.88571,
     15,0.89433,0.89343,0.96350,
     16,0.88707,
     17,0.88730,
     18,0.90363,
     19,0.90045,
     20,0.90317,0.89778,0.97833,
     21,0.91088,
     22,0.91383,
     23,0.91315,
     24,0.92018,
     25,0.92222,0.91314,0.98480,
     26,0.92472,
     27,0.92426,
     28,0.91655,
     29,0.93220,0.91908,0.98945, ** Model saved **
     30,0.92585,0.91908,0.98727,
     31,0.92608,
     32,0.93424,0.92549,0.98871, ** Model saved **
     33,0.92585,
     34,0.93288,
     35,0.93129,0.92740,0.99109,
     36,0.92993,
     37,0.93741,0.92597,0.99147, ** Model saved **
     38,0.94082,0.92803,0.99307, ** Model saved **
     39,0.93265,
     40,0.93129,0.92470,0.99210,
     41,0.93673,
     42,0.94127,0.92811,0.99316, ** Model saved **
     43,0.94082,
     44,0.93583,
     45,0.93492,0.92850,0.99193,
     46,0.93583,
     47,0.94263,0.93048,0.99402, ** Model saved **
     48,0.93923,
     49,0.94376,0.93515,0.99471, ** Model saved **
     50,0.93923,0.93222,0.99457,
     51,0.94036,
     52,0.93923,
     53,0.94671,0.93674,0.99557, ** Model saved **
     54,0.94172,
     55,0.94308,0.93365,0.99583,
     56,0.94399,
     57,0.94331,
     58,0.94218,
     59,0.94490,
     60,0.94104,0.93793,0.99609,
     61,0.94762,0.93737,0.99500, ** Model saved **
     62,0.95193,0.93603,0.99572, ** Model saved **
     63,0.94603,
     64,0.94966,
     65,0.94921,0.93943,0.99606,
     66,0.94762,
     67,0.95283,0.93927,0.99652, ** Model saved **
     68,0.94943,
     69,0.95011,
     70,0.94830,0.93943,0.99693,
     71,0.94921,
     72,0.94807,
     73,0.95283,
     74,0.95034,
     75,0.95329,0.93856,0.99750, ** Model saved **
     76,0.94399,
     77,0.94898,
     78,0.95510,0.94307,0.99713, ** Model saved **
     79,0.94943,
     80,0.94853,0.94046,0.99707,
     81,0.94286,
     82,0.94875,
     83,0.94739,
     84,0.95283,
     85,0.94875,0.94576,0.99750,
     86,0.95034,
     87,0.95578,0.94323,0.99730, ** Model saved **
     88,0.94535,
     89,0.95397,
     90,0.94626,0.94299,0.99718,
     91,0.95737,0.94822,0.99744, ** Model saved **
     92,0.95986,0.94347,0.99759, ** Model saved **
     93,0.95193,
     94,0.95510,
     95,0.95261,0.93650,0.99687,
     96,0.95283,
     97,0.95737,
     98,0.95442,
     99,0.95578,
    100,0.95941,0.95012,0.99853,
    101,0.95238,
    102,0.95397,
    103,0.95692,
    104,0.95805,
    105,0.95601,0.94371,0.99767,
    106,0.95714,
    107,0.95465,
    108,0.96122,0.94988,0.99833, ** Model saved **
    109,0.95760,
    110,0.95034,0.94371,0.99756,
    111,0.95918,
    112,0.95828,
    113,0.95669,
    114,0.95465,
    115,0.95147,0.94782,0.99799,
    116,0.96077,
    117,0.95601,
    118,0.94830,
    119,0.96100,
    120,0.95737,0.94347,0.99868,
    121,0.94853,
    122,0.95533,
    123,0.95737,
    124,0.95306,
    125,0.96077,0.94806,0.99839,
    126,0.95125,
    127,0.95510,
    128,0.95669,
    129,0.95397,
    130,0.96145,0.95139,0.99891, ** Model saved **
    131,0.96100,
    132,0.96168,0.94458,0.99830, ** Model saved **
    133,0.95918,
    134,0.95420,
    135,0.95374,0.94719,0.99830,
    136,0.95261,
    137,0.96054,
    138,0.95692,
    139,0.96485,0.94743,0.99856, ** Model saved **
    140,0.95624,0.94252,0.99816,
    141,0.95850,
    142,0.96349,
    143,0.96463,
    144,0.96395,
    145,0.96122,0.95099,0.99894,
    146,0.95556,
    147,0.95646,
    148,0.95805,
    149,0.96327,
    150,0.96395,0.95241,0.99871,
    151,0.95782,
    152,0.96463,
    153,0.95261,
    154,0.96236,
    155,0.95556,0.94782,0.99836,
    156,0.95329,
    157,0.95941,
    158,0.95578,
    159,0.95918,
    160,0.95125,0.94671,0.99796,
    161,0.96190,
    162,0.96259,
    163,0.95896,
    164,0.95782,
    165,0.95986,0.94861,0.99871,
    166,0.95170,
    167,0.95964,
    168,0.95714,
    169,0.95737,
    170,0.95556,0.94806,0.99851,
    171,0.96485,0.94949,0.99865, ** Model saved **
    172,0.95488,
    173,0.95737,
    174,0.95714,
    175,0.96100,0.94822,0.99828,
    176,0.96077,
    177,0.96077,
    178,0.95986,
    179,0.95918,
    180,0.96100,0.94885,0.99888,
    181,0.95442,
    182,0.95533,
    183,0.95873,
    184,0.96054,
    185,0.95941,0.94790,0.99879,
    186,0.95420,
    187,0.96054,
    188,0.95601,
    189,0.96259,
    190,0.95533,0.94972,0.99813,
    191,0.96349,
    192,0.96054,
    193,0.95850,
    194,0.96304,
    195,0.96259,0.94925,0.99876,
    196,0.95533,
    197,0.95964,
    198,0.95760,
    199,0.95510,
    200,0.95896,0.95075,0.99937,
    201,0.95238,
    202,0.96531,0.94925,0.99917, ** Model saved **
    203,0.95351,
    204,0.96304,
    205,0.95964,0.95550,0.99920,
    206,0.96621,0.95107,0.99925, ** Model saved **
    207,0.96009,
    208,0.96395,
    209,0.96531,
    210,0.96349,0.95146,0.99902,
    211,0.96168,
    212,0.95805,
    213,0.96168,
    214,0.95465,
    215,0.95918,0.95210,0.99920,
    216,0.96553,
    217,0.96644,0.94949,0.99922, ** Model saved **
    218,0.96032,
    219,0.95601,
    220,0.96281,0.94972,0.99876,
    221,0.96077,
    222,0.96077,
    223,0.96304,
    224,0.95828,
    225,0.95283,0.94774,0.99891,
    226,0.95873,
    227,0.96168,
    228,0.96259,
    229,0.96417,
    230,0.96508,0.94925,0.99885,
    231,0.95918,
    232,0.96304,
    233,0.96281,
    234,0.96145,
    235,0.96236,0.94972,0.99945,
    236,0.95850,
    237,0.96077,
    238,0.96531,
    239,0.96395,
    240,0.95941,0.95091,0.99876,
    241,0.95646,
    242,0.96599,
    243,0.96122,
    244,0.96395,
    245,0.96757,0.95337,0.99917, ** Model saved **
    246,0.96372,
    247,0.96621,
    248,0.96327,
    249,0.96122,
    250,0.96077,0.95178,0.99888,
    251,0.96644,
    252,0.96213,
    253,0.96417,
    254,0.95850,
    255,0.95828,0.94956,0.99853,
    256,0.96236,
    257,0.96032,
    258,0.96621,
    259,0.96190,
    260,0.96395,0.94972,0.99905,
    261,0.96825,0.95313,0.99937, ** Model saved **
    262,0.96327,
    263,0.96054,
    264,0.96440,
    265,0.96395,0.95186,0.99920,
    266,0.95850,
    267,0.95918,
    268,0.96077,
    269,0.96032,
    270,0.96395,0.95432,0.99917,
    271,0.95828,
    272,0.96281,
    273,0.96463,
    274,0.96032,
    275,0.96440,0.95329,0.99911,
    276,0.96485,
    277,0.96372,
    278,0.96803,
    279,0.96621,
    280,0.95850,0.95083,0.99888,
    281,0.96213,
    282,0.96190,
    283,0.96576,
    284,0.96712,
    285,0.96599,0.95930,0.99931,
    286,0.96553,
    287,0.96893,0.95059,0.99888, ** Model saved **
    288,0.96893,0.95447,0.99908, ** Model saved **
    289,0.96939,0.95202,0.99876, ** Model saved **
    290,0.96757,0.95598,0.99940,
    291,0.96939,0.95447,0.99945, ** Model saved **
    292,0.96281,
    293,0.96304,
    294,0.96780,
    295,0.96531,0.95297,0.99934,
    296,0.95714,
    297,0.96349,
    298,0.96190,
    299,0.96417,
    300,0.96009,0.95329,0.99928,
    301,0.96372,
    302,0.96190,
    303,0.96463,
    304,0.96259,
    305,0.96485,0.95637,0.99922,
    306,0.96077,
    307,0.95714,
    308,0.96440,
    309,0.96417,
    310,0.96440,0.95321,0.99943,
    311,0.96803,
    312,0.96803,
    313,0.96825,
    314,0.96508,
    315,0.96621,0.95685,0.99911,
    316,0.95737,
    317,0.95986,
    318,0.96825,
    319,0.96417,
    320,0.96644,0.95598,0.99943,
    321,0.96054,
    322,0.96825,
    323,0.96735,
    324,0.95896,
    325,0.96667,0.95685,0.99911,
    326,0.96372,
    327,0.96236,
    328,0.96485,
    329,0.96145,
    330,0.96190,0.94909,0.99899,
    331,0.96440,
    332,0.96848,
    333,0.96576,
    334,0.96485,
    335,0.96599,0.95629,0.99951,
    336,0.96463,
    337,0.96395,
    338,0.96190,
    339,0.95918,
    340,0.96100,0.95487,0.99954,
    341,0.96508,
    342,0.95442,
    343,0.96689,
    344,0.96372,
    345,0.96531,0.95558,0.99940,
    346,0.96440,
    347,0.96825,
    348,0.96508,
    349,0.97007,0.95186,0.99908, ** Model saved **
    350,0.96689,0.95329,0.99945,
    351,0.96644,
    352,0.96236,
    353,0.96531,
    354,0.95646,
    355,0.96349,0.95075,0.99902,
    356,0.95737,
    357,0.96213,
    358,0.96644,
    359,0.96757,
    360,0.97075,0.95234,0.99902, ** Model saved **
    361,0.96508,
    362,0.96304,
    363,0.96054,
    364,0.95283,
    365,0.96576,0.95701,0.99937,
    366,0.96440,
    367,0.96825,
    368,0.96803,
    369,0.96145,
    370,0.96667,0.95463,0.99951,
    371,0.96349,
    372,0.96735,
    373,0.96757,
    374,0.96508,
    375,0.96190,0.95020,0.99940,
    376,0.96032,
    377,0.95782,
    378,0.95760,
    379,0.96689,
    380,0.96259,0.95590,0.99934,
    381,0.96644,
    382,0.97007,
    383,0.96712,
    384,0.96168,
    385,0.95692,0.95123,0.99891,
    386,0.95964,
    387,0.96576,
    388,0.96236,
    389,0.95737,
    390,0.96304,0.95329,0.99911,
    391,0.96599,
    392,0.96576,
    393,0.96236,
    394,0.96508,
    395,0.96599,0.95439,0.99957,
    396,0.96893,
    397,0.96961,
    398,0.96145,
    399,0.96259,
    400,0.96939,0.95091,0.99948,
    401,0.96531,
    402,0.96485,
    403,0.96100,
    404,0.96463,
    405,0.96893,0.95511,0.99945,
    406,0.97211,0.95471,0.99960, ** Model saved **
    407,0.96553,
    408,0.97007,
    409,0.96054,
    410,0.96032,0.95329,0.99948,
    411,0.96327,
    412,0.97007,
    413,0.96621,
    414,0.97075,
    415,0.96871,0.95709,0.99968,
    416,0.96848,
    417,0.96939,
    418,0.96259,
    419,0.96667,
    420,0.96803,0.95344,0.99888,
    421,0.96553,
    422,0.96735,
    423,0.96803,
    424,0.96848,
    425,0.96236,0.94980,0.99937,
    426,0.96395,
    427,0.96009,
    428,0.96621,
    429,0.96689,
    430,0.96599,0.95851,0.99960,
    431,0.96599,
    432,0.96100,
    433,0.96349,
    434,0.95782,
    435,0.96077,0.95028,0.99920,
    436,0.96259,
    437,0.96327,
    438,0.96825,
    439,0.96803,
    440,0.96621,0.95012,0.99943,
    441,0.96213,
    442,0.96621,
    443,0.96712,
    444,0.96689,
    445,0.96893,0.95669,0.99940,
    446,0.96667,
    447,0.96485,
    448,0.96417,
    449,0.96667,
    450,0.96712,0.95368,0.99931,
    451,0.96984,
    452,0.96757,
    453,0.96961,
    454,0.97211,
    455,0.97324,0.95139,0.99931, ** Model saved **
    456,0.96939,
    457,0.97007,
    458,0.97302,
    459,0.97143,
    460,0.97551,0.95851,0.99963, ** Model saved **
    461,0.97166,
    462,0.96667,
    463,0.96667,
    464,0.96508,
    465,0.96395,0.95669,0.99960,
    466,0.96440,
    467,0.96553,
    468,0.96712,
    469,0.96735,
    470,0.96054,0.95487,0.99977,
    471,0.96417,
    472,0.96757,
    473,0.96281,
    474,0.96644,
    475,0.96440,0.95273,0.99931,
    476,0.96893,
    477,0.96939,
    478,0.96803,
    479,0.97007,
    480,0.96916,0.95210,0.99937,
    481,0.96621,
    482,0.96440,
    483,0.97234,
    484,0.96825,
    485,0.96735,0.95337,0.99948,
    486,0.96871,
    487,0.96689,
    488,0.96440,
    489,0.97279,
    490,0.96848,0.95471,0.99943,
    491,0.97007,
    492,0.97211,
    493,0.97279,
    494,0.96417,
    495,0.96689,0.94719,0.99807,
    496,0.96644,
    497,0.96712,
    498,0.96939,
    499,0.96780,
    500,0.96939,0.95637,0.99951,
    501,0.96916,
    502,0.96939,
    503,0.97324,
    504,0.96599,
    505,0.96644,0.95376,0.99960,
    506,0.96735,
    507,0.96893,
    508,0.96259,
    509,0.96644,
    510,0.96735,0.95321,0.99948,
    511,0.96735,
    512,0.96825,
    513,0.96259,
    514,0.96122,
    515,0.96939,0.95606,0.99931,
    516,0.97120,
    517,0.96871,
    518,0.97075,
    519,0.96939,
    520,0.96599,0.95234,0.99928,
    521,0.96100,
    522,0.96213,
    523,0.96667,
    524,0.96848,
    525,0.96893,0.95036,0.99943,
    526,0.96939,
    527,0.96621,
    528,0.96440,
    529,0.96417,
    530,0.96780,0.95574,0.99911,
    531,0.96417,
    532,0.96576,
    533,0.96780,
    534,0.96372,
    535,0.96190,0.95321,0.99977,
    536,0.96712,
    537,0.96485,
    538,0.96417,
    539,0.95941,
    540,0.96644,0.95519,0.99943,
    541,0.96576,
    542,0.95737,
    543,0.96395,
    544,0.96667,
    545,0.96667,0.94996,0.99943,
    546,0.96916,
    547,0.96372,
    548,0.96304,
    549,0.96599,
    550,0.96644,0.95685,0.99968,
    551,0.96122,
    552,0.96553,
    553,0.96259,
    554,0.96236,
    555,0.96145,0.95146,0.99931,
    556,0.97007,
    557,0.96599,
    558,0.96168,
    559,0.96485,
    560,0.96803,0.95645,0.99931,
    561,0.97052,
    562,0.96395,
    563,0.96667,
    564,0.96712,
    565,0.96032,0.95012,0.99945,
    566,0.95782,
    567,0.96417,
    568,0.96825,
    569,0.96939,
    570,0.96780,0.95376,0.99960,
    571,0.96893,
    572,0.97234,
    573,0.96667,
    574,0.96259,
    575,0.96440,0.95439,0.99963,
    576,0.96190,
    577,0.96259,
    578,0.96054,
    579,0.96576,
    580,0.96259,0.94972,0.99937,
    581,0.96259,
    582,0.96100,
    583,0.96100,
    584,0.96032,
    585,0.96213,0.95123,0.99945,
    586,0.96485,
    587,0.96825,
    588,0.96803,
    589,0.96281,
    590,0.96100,0.95677,0.99974,
    591,0.96689,
    592,0.96689,
    593,0.96508,
    594,0.96667,
    595,0.96372,0.95400,0.99940,
    596,0.96893,
    597,0.96599,
    598,0.96848,
    599,0.96939,
    600,0.96440,0.95210,0.99940,
    601,0.96077,
    602,0.96644,
    603,0.96327,
    604,0.96984,
    605,0.96644,0.95400,0.99977,
    606,0.96395,
    607,0.95986,
    608,0.96372,
    609,0.96531,
    610,0.96803,0.95796,0.99954,
    611,0.96485,
    612,0.96100,
    613,0.96032,
    614,0.96395,
    615,0.96644,0.95503,0.99948,
    616,0.96417,
    617,0.96667,
    618,0.96372,
    619,0.96417,
    620,0.97211,0.95606,0.99948,
    621,0.97528,
    622,0.97007,
    623,0.96939,
    624,0.96757,
    625,0.96984,0.95812,0.99977,
    626,0.96689,
    627,0.97143,
    628,0.96576,
    629,0.96327,
    630,0.97324,0.95455,0.99943,
    631,0.96916,
    632,0.96667,
    633,0.96440,
    634,0.96689,
    635,0.96961,0.95669,0.99957,
    636,0.96599,
    637,0.96939,
    638,0.96485,
    639,0.96349,
    640,0.96281,0.95075,0.99940,
    641,0.96667,
    642,0.96281,
    643,0.96463,
    644,0.96395,
    645,0.97098,0.95527,0.99960,
    646,0.96825,
    647,0.96327,
    648,0.96281,
    649,0.96916,
    650,0.96621,0.95986,0.99957,
    651,0.96848,
    652,0.96349,
    653,0.97415,
    654,0.97279,
    655,0.97279,0.95740,0.99974,
    656,0.97166,
    657,0.97052,
    658,0.96780,
    659,0.97052,
    660,0.97166,0.95827,0.99963,
    661,0.96689,
    662,0.96984,
    663,0.96803,
    664,0.96667,
    665,0.96961,0.95914,0.99954,
    666,0.96621,
    667,0.96395,
    668,0.96735,
    669,0.96984,
    670,0.96803,0.95954,0.99945,
    671,0.96576,
    672,0.96417,
    673,0.96327,
    674,0.96644,
    675,0.96621,0.95542,0.99943,
    676,0.96372,
    677,0.97007,
    678,0.96757,
    679,0.96916,
    680,0.96961,0.95527,0.99983,
    681,0.96939,
    682,0.96757,
    683,0.96213,
    684,0.96440,
    685,0.97007,0.95598,0.99983,
    686,0.96780,
    687,0.96553,
    688,0.96667,
    689,0.96485,
    690,0.96553,0.95709,0.99966,
    691,0.97166,
    692,0.96916,
    693,0.97098,
    694,0.96893,
    695,0.96961,0.95740,0.99954,
    696,0.96553,
    697,0.96689,
    698,0.96939,
    699,0.96576,
    700,0.96553,0.95558,0.99954,
    701,0.96417,
    702,0.96893,
    703,0.96304,
    704,0.97075,
    705,0.96893,0.95566,0.99971,
    706,0.97234,
    707,0.96259,
    708,0.96599,
    709,0.97347,
    710,0.97120,0.95907,0.99957,
    711,0.96553,
    712,0.96757,
    713,0.96621,
    714,0.96327,
    715,0.97234,0.95534,0.99960,
    716,0.96327,
    717,0.97120,
    718,0.96599,
    719,0.96417,
    720,0.96871,0.95392,0.99974,
    721,0.96916,
    722,0.97098,
    723,0.96667,
    724,0.96757,
    725,0.97098,0.95622,0.99945,
    726,0.95896,
    727,0.96621,
    728,0.96576,
    729,0.96803,
    730,0.96961,0.95661,0.99960,
    731,0.96463,
    732,0.96032,
    733,0.96168,
    734,0.96304,
    735,0.96757,0.95994,0.99963,
    736,0.96372,
    737,0.96485,
    738,0.96168,
    739,0.96395,
    740,0.96735,0.95677,0.99954,
    741,0.95737,
    742,0.96190,
    743,0.95964,
    744,0.96599,
    745,0.97098,0.96017,0.99966,
    746,0.96621,
    747,0.96372,
    748,0.96190,
    749,0.97211,
    750,0.96712,0.95574,0.99974,
    751,0.96984,
    752,0.96735,
    753,0.96780,
    754,0.96848,
    755,0.96939,0.95740,0.99960,
    756,0.96621,
    757,0.96825,
    758,0.96916,
    759,0.96644,
    760,0.96916,0.95764,0.99960,
    761,0.97007,
    762,0.97324,
    763,0.96531,
    764,0.96417,
    765,0.96848,0.95241,0.99957,
    766,0.96621,
    767,0.96644,
    768,0.96939,
    769,0.96961,
    770,0.97256,0.95835,0.99960,
    771,0.96735,
    772,0.96667,
    773,0.96780,
    774,0.96712,
    775,0.96689,0.95218,0.99891,
    776,0.96916,
    777,0.96463,
    778,0.97007,
    779,0.96213,
    780,0.96621,0.95495,0.99971,
    781,0.96417,
    782,0.96508,
    783,0.96667,
    784,0.96757,
    785,0.96961,0.95487,0.99960,
    786,0.97188,
    787,0.96372,
    788,0.97007,
    789,0.96780,
    790,0.96621,0.95669,0.99983,
    791,0.96599,
    792,0.96281,
    793,0.96599,
    794,0.96327,
    795,0.96009,0.95724,0.99954,
    796,0.96553,
    797,0.96689,
    798,0.96553,
    799,0.96712,
    800,0.96644,0.96065,0.99968,
    801,0.96327,
    802,0.96372,
    803,0.96599,
    804,0.96599,
    805,0.96939,0.95946,0.99966,
    806,0.97120,
    807,0.97211,
    808,0.96304,
    809,0.96984,
    810,0.96621,0.95598,0.99960,
    811,0.96440,
    812,0.96508,
    813,0.96916,
    814,0.96961,
    815,0.96984,0.95883,0.99971,
    816,0.96667,
    817,0.97075,
    818,0.96803,
    819,0.96893,
    820,0.97324,0.95922,0.99974,
    821,0.96644,
    822,0.96712,
    823,0.97143,
    824,0.96395,
    825,0.96667,0.95344,0.99974,
    826,0.96576,
    827,0.96485,
    828,0.96122,
    829,0.96508,
    830,0.95669,0.95439,0.99948,
    831,0.96712,
    832,0.96939,
    833,0.96236,
    834,0.96961,
    835,0.96848,0.95819,0.99954,
    836,0.95714,
    837,0.97234,
    838,0.96644,
    839,0.97052,
    840,0.97143,0.95566,0.99971,
    841,0.97211,
    842,0.97188,
    843,0.97052,
    844,0.96122,
    845,0.96871,0.95732,0.99966,
    846,0.96372,
    847,0.97166,
    848,0.97188,
    849,0.97120,
    850,0.96871,0.95827,0.99954,
    851,0.96984,
    852,0.96961,
    853,0.96553,
    854,0.96531,
    855,0.96553,0.95281,0.99957,
    856,0.96848,
    857,0.96735,
    858,0.97098,
    859,0.97256,
    860,0.97460,0.95709,0.99974,
    861,0.97098,
    862,0.96644,
    863,0.97029,
    864,0.97166,
    865,0.97302,0.96025,0.99966,
    866,0.97120,
    867,0.97143,
    868,0.96463,
    869,0.97234,
    870,0.97279,0.95804,0.99966,
    871,0.97075,
    872,0.96803,
    873,0.96871,
    874,0.96780,
    875,0.96757,0.95661,0.99974,
    876,0.97166,
    877,0.97120,
    878,0.97324,
    879,0.96961,
    880,0.96735,0.95851,0.99951,
    881,0.96939,
    882,0.96735,
    883,0.96757,
    884,0.97211,
    885,0.97188,0.95044,0.99943,
    886,0.96825,
    887,0.97143,
    888,0.96644,
    889,0.96145,
    890,0.97120,0.95463,0.99968,
    891,0.97029,
    892,0.97370,
    893,0.97392,
    894,0.97029,
    895,0.95805,0.95408,0.99931,
    896,0.96281,
    897,0.96213,
    898,0.96893,
    899,0.97075,
    900,0.96735,0.95376,0.99968,
    901,0.96961,
    902,0.96893,
    903,0.96939,
    904,0.96417,
    905,0.96803,0.96002,0.99974,
    906,0.96757,
    907,0.96825,
    908,0.96259,
    909,0.96757,
    910,0.96871,0.95970,0.99957,
    911,0.96848,
    912,0.96735,
    913,0.96667,
    914,0.96463,
    915,0.96327,0.95558,0.99960,
    916,0.95850,
    917,0.96440,
    918,0.96689,
    919,0.96417,
    920,0.96712,0.96192,0.99960,
    921,0.97052,
    922,0.97007,
    923,0.96984,
    924,0.96825,
    925,0.96780,0.95693,0.99960,
    926,0.96961,
    927,0.97029,
    928,0.96689,
    929,0.97052,
    930,0.97596,0.96215,0.99974, ** Model saved **
    931,0.97370,
    932,0.97234,
    933,0.97188,
    934,0.96825,
    935,0.96689,0.95812,0.99983,
    936,0.96961,
    937,0.96576,
    938,0.96667,
    939,0.96848,
    940,0.96417,0.95764,0.99945,
    941,0.96871,
    942,0.96871,
    943,0.96667,
    944,0.96712,
    945,0.97075,0.95994,0.99986,
    946,0.96984,
    947,0.96304,
    948,0.96508,
    949,0.96395,
    950,0.96735,0.95645,0.99980,
    951,0.96485,
    952,0.96349,
    953,0.96417,
    954,0.96893,
    955,0.96780,0.95614,0.99954,
    956,0.96803,
    957,0.96463,
    958,0.96213,
    959,0.96485,
    960,0.96259,0.95297,0.99937,
    961,0.96440,
    962,0.96984,
    963,0.96100,
    964,0.96757,
    965,0.97098,0.95914,0.99986,
    966,0.96939,
    967,0.96236,
    968,0.97143,
    969,0.96508,
    970,0.96349,0.95455,0.99940,
    971,0.96689,
    972,0.96712,
    973,0.96689,
    974,0.96667,
    975,0.96417,0.95273,0.99971,
    976,0.96825,
    977,0.97007,
    978,0.96803,
    979,0.96236,
    980,0.96667,0.95234,0.99971,
    981,0.96508,
    982,0.96508,
    983,0.96871,
    984,0.96689,
    985,0.96236,0.95123,0.99963,
    986,0.97075,
    987,0.96803,
    988,0.96599,
    989,0.97279,
    990,0.96531,0.95717,0.99977,
    991,0.97188,
    992,0.97007,
    993,0.96304,
    994,0.96599,
    995,0.96871,0.95804,0.99968,
    996,0.96553,
    997,0.96440,
    998,0.96803,
    999,0.96440,
   1000,0.96848,0.95384,0.99974,
   1001,0.96780,
   1002,0.96712,
   1003,0.96735,
   1004,0.97279,
   1005,0.96893,0.95495,0.99954,
   1006,0.97075,
   1007,0.96916,
   1008,0.96848,
   1009,0.96735,
   1010,0.96644,0.95764,0.99966,
   1011,0.96871,
   1012,0.96576,
   1013,0.96893,
   1014,0.96848,
   1015,0.96916,0.95827,0.99960,
   1016,0.96735,
   1017,0.96395,
   1018,0.96440,
   1019,0.96712,
   1020,0.96689,0.95772,0.99974,
   1021,0.96553,
   1022,0.96757,
   1023,0.96304,
   1024,0.96667,
   1025,0.96327,0.95424,0.99951,
   1026,0.96508,
   1027,0.96621,
   1028,0.96984,
   1029,0.96848,
   1030,0.97483,0.95091,0.99971,
   1031,0.96939,
   1032,0.96553,
   1033,0.96780,
   1034,0.96735,
   1035,0.96463,0.95400,0.99945,
   1036,0.96553,
   1037,0.96395,
   1038,0.96667,
   1039,0.97188,
   1040,0.96825,0.95550,0.99974,
   1041,0.96871,
   1042,0.96939,
   1043,0.96667,
   1044,0.96440,
   1045,0.96848,0.95661,0.99968,
   1046,0.96893,
   1047,0.97120,
   1048,0.96757,
   1049,0.96531,
   1050,0.96689,0.95740,0.99991,
   1051,0.96803,
   1052,0.96599,
   1053,0.96667,
   1054,0.97007,
   1055,0.97166,0.95677,0.99966,
   1056,0.96100,
   1057,0.95828,
   1058,0.96032,
   1059,0.96440,
   1060,0.96871,0.95487,0.99974,
   1061,0.97052,
   1062,0.97052,
   1063,0.97120,
   1064,0.96803,
   1065,0.97370,0.95827,0.99980,
   1066,0.96780,
   1067,0.96531,
   1068,0.96599,
   1069,0.96236,
   1070,0.96825,0.95384,0.99974,
   1071,0.96848,
   1072,0.95646,
   1073,0.96281,
   1074,0.96757,
   1075,0.96440,0.95384,0.99948,
   1076,0.96213,
   1077,0.96757,
   1078,0.96281,
   1079,0.97098,
   1080,0.96803,0.95321,0.99960,
   1081,0.96803,
   1082,0.96848,
   1083,0.96576,
   1084,0.96961,
   1085,0.96145,0.95455,0.99960,
   1086,0.96190,
   1087,0.96168,
   1088,0.96485,
   1089,0.96349,
   1090,0.96644,0.95479,0.99945,
   1091,0.96440,
   1092,0.96576,
   1093,0.96463,
   1094,0.96553,
   1095,0.96259,0.95946,0.99966,
   1096,0.96009,
   1097,0.96485,
   1098,0.96712,
   1099,0.96145,
   1100,0.96667,0.95511,0.99971,
   1101,0.96757,
   1102,0.96463,
   1103,0.96032,
   1104,0.96100,
   1105,0.96440,0.95479,0.99920,
   1106,0.96667,
   1107,0.96712,
   1108,0.96712,
   1109,0.96689,
   1110,0.97007,0.95930,0.99977,
   1111,0.97302,
   1112,0.96916,
   1113,0.97188,
   1114,0.96735,
   1115,0.96644,0.95495,0.99977,
   1116,0.96848,
   1117,0.96825,
   1118,0.96689,
   1119,0.96644,
   1120,0.96531,0.95645,0.99971,
   1121,0.96644,
   1122,0.96871,
   1123,0.96553,
   1124,0.96599,
   1125,0.96417,0.95883,0.99968,
   1126,0.96984,
   1127,0.97029,
   1128,0.96961,
   1129,0.96984,
   1130,0.97302,0.95724,0.99989,
   1131,0.97029,
   1132,0.96440,
   1133,0.96780,
   1134,0.96327,
   1135,0.96463,0.95574,0.99963,
   1136,0.96485,
   1137,0.96372,
   1138,0.96576,
   1139,0.96984,
   1140,0.96939,0.95764,0.99968,
   1141,0.96757,
   1142,0.96281,
   1143,0.96576,
   1144,0.96395,
   1145,0.96508,0.95970,0.99977,
   1146,0.96372,
   1147,0.96848,
   1148,0.96463,
   1149,0.96395,
   1150,0.96009,0.95804,0.99974,
   1151,0.96780,
   1152,0.96712,
   1153,0.96893,
   1154,0.96327,
   1155,0.96735,0.95550,0.99951,
   1156,0.96576,
   1157,0.96576,
   1158,0.96848,
   1159,0.96757,
   1160,0.96984,0.95717,0.99966,
   1161,0.96939,
   1162,0.97029,
   1163,0.96531,
   1164,0.96871,
   1165,0.96939,0.95471,0.99954,
   1166,0.96939,
   1167,0.96780,
   1168,0.96848,
   1169,0.97052,
   1170,0.96803,0.95764,0.99986,
   1171,0.96689,
   1172,0.96871,
   1173,0.96803,
   1174,0.96803,
   1175,0.96667,0.95202,0.99954,
   1176,0.96485,
   1177,0.96463,
   1178,0.96667,
   1179,0.96349,
   1180,0.96463,0.95883,0.99977,
   1181,0.96463,
   1182,0.96009,
   1183,0.95578,
   1184,0.96213,
   1185,0.96327,0.95400,0.99960,
   1186,0.96372,
   1187,0.96122,
   1188,0.96259,
   1189,0.96349,
   1190,0.96553,0.95653,0.99983,
   1191,0.96667,
   1192,0.96712,
   1193,0.96009,
   1194,0.97007,
   1195,0.96984,0.96128,0.99983,
   1196,0.96599,
   1197,0.96712,
   1198,0.96259,
   1199,0.96735,
   1200,0.96757,0.96136,0.99977,
   1201,0.96916,
   1202,0.96644,
   1203,0.96440,
   1204,0.96780,
   1205,0.96780,0.95748,0.99980,
   1206,0.96984,
   1207,0.97279,
   1208,0.96961,
   1209,0.97098,
   1210,0.96417,0.95455,0.99974,
   1211,0.96689,
   1212,0.96576,
   1213,0.96689,
   1214,0.96735,
   1215,0.96531,0.95590,0.99957,
   1216,0.96757,
   1217,0.96395,
   1218,0.96304,
   1219,0.96372,
   1220,0.96893,0.95606,0.99986,
   1221,0.97029,
   1222,0.97302,
   1223,0.97302,
   1224,0.97256,
   1225,0.96893,0.95788,0.99977,
   1226,0.96916,
   1227,0.96984,
   1228,0.97234,
   1229,0.97098,
   1230,0.96395,0.95542,0.99963,
   1231,0.96780,
   1232,0.96395,
   1233,0.96825,
   1234,0.96848,
   1235,0.96984,0.95503,0.99920,
   1236,0.97052,
   1237,0.97234,
   1238,0.97302,
   1239,0.97166,
   1240,0.96893,0.95772,0.99957,
   1241,0.96984,
   1242,0.96848,
   1243,0.97075,
   1244,0.96349,
   1245,0.96916,0.95701,0.99974,
   1246,0.97166,
   1247,0.97052,
   1248,0.96848,
   1249,0.97029,
   1250,0.96780,0.95693,0.99977,
   1251,0.97007,
   1252,0.96893,
   1253,0.96916,
   1254,0.96893,
   1255,0.96757,0.95614,0.99980,
   1256,0.97166,
   1257,0.96848,
   1258,0.96757,
   1259,0.97052,
   1260,0.96667,0.95321,0.99986,
   1261,0.96757,
   1262,0.96961,
   1263,0.96508,
   1264,0.96440,
   1265,0.96803,0.95661,0.99971,
   1266,0.96735,
   1267,0.97166,
   1268,0.96553,
   1269,0.96576,
   1270,0.96735,0.95637,0.99986,
   1271,0.96961,
   1272,0.96463,
   1273,0.96485,
   1274,0.96848,
   1275,0.96893,0.96049,0.99977,
   1276,0.96689,
   1277,0.96825,
   1278,0.96553,
   1279,0.96780,
   1280,0.96417,0.96017,0.99986,
   1281,0.96440,
   1282,0.96054,
   1283,0.96395,
   1284,0.96281,
   1285,0.96417,0.95590,0.99983,
   1286,0.96213,
   1287,0.96916,
   1288,0.97052,
   1289,0.96689,
   1290,0.96236,0.95075,0.99954,
   1291,0.96803,
   1292,0.96825,
   1293,0.96599,
   1294,0.96735,
   1295,0.97211,0.95780,0.99983,
   1296,0.96984,
   1297,0.96825,
   1298,0.96780,
   1299,0.96939,
   1300,0.97007,0.95899,0.99974,
   1301,0.96984,
   1302,0.97029,
   1303,0.97120,
   1304,0.97120,
   1305,0.96939,0.95922,0.99983,
   1306,0.96667,
   1307,0.96803,
   1308,0.96984,
   1309,0.96757,
   1310,0.96893,0.95780,0.99971,
   1311,0.96893,
   1312,0.96553,
   1313,0.96916,
   1314,0.96961,
   1315,0.97234,0.96200,0.99980,
   1316,0.96984,
   1317,0.96939,
   1318,0.96599,
   1319,0.96689,
   1320,0.96621,0.95629,0.99940,
   1321,0.96757,
   1322,0.96757,
   1323,0.96735,
   1324,0.96757,
   1325,0.97052,0.95970,0.99983,
   1326,0.96712,
   1327,0.96417,
   1328,0.96395,
   1329,0.96508,
   1330,0.96803,0.95922,0.99948,
   1331,0.97007,
   1332,0.96984,
   1333,0.97166,
   1334,0.96689,
   1335,0.96871,0.96010,0.99971,
   1336,0.96395,
   1337,0.96984,
   1338,0.96825,
   1339,0.96712,
   1340,0.96599,0.95946,0.99968,
   1341,0.96757,
   1342,0.96440,
   1343,0.97007,
   1344,0.96281,
   1345,0.96485,0.95930,0.99977,
   1346,0.96825,
   1347,0.96871,
   1348,0.97528,
   1349,0.97143,
   1350,0.97075,0.95717,0.99957,
   1351,0.97029,
   1352,0.97279,
   1353,0.96463,
   1354,0.96667,
   1355,0.96485,0.96073,0.99951,
   1356,0.96621,
   1357,0.96689,
   1358,0.96757,
   1359,0.96961,
   1360,0.97506,0.95970,0.99957,
   1361,0.97234,
   1362,0.97370,
   1363,0.96553,
   1364,0.96871,
   1365,0.97188,0.95764,0.99974,
   1366,0.97392,
   1367,0.96757,
   1368,0.96599,
   1369,0.96689,
   1370,0.96599,0.95780,0.99963,
   1371,0.96485,
   1372,0.96395,
   1373,0.96327,
   1374,0.96485,
   1375,0.96916,0.95590,0.99968,
   1376,0.96712,
   1377,0.96780,
   1378,0.96531,
   1379,0.96576,
   1380,0.95964,0.95305,0.99928,
   1381,0.96440,
   1382,0.96667,
   1383,0.96893,
   1384,0.96349,
   1385,0.96417,0.95748,0.99940,
   1386,0.96621,
   1387,0.96644,
   1388,0.97029,
   1389,0.96871,
   1390,0.96939,0.96010,0.99983,
   1391,0.96939,
   1392,0.96848,
   1393,0.96735,
   1394,0.96689,
   1395,0.96621,0.95764,0.99974,
   1396,0.96553,
   1397,0.96780,
   1398,0.97098,
   1399,0.96531,
   1400,0.96757,0.95154,0.99945,
   1401,0.96871,
   1402,0.96871,
   1403,0.97347,
   1404,0.97075,
   1405,0.97098,0.95622,0.99977,
   1406,0.97302,
   1407,0.97370,
   1408,0.97302,
   1409,0.97211,
   1410,0.97347,0.95835,0.99960,
   1411,0.97143,
   1412,0.96553,
   1413,0.97256,
   1414,0.96712,
   1415,0.97166,0.95788,0.99974,
   1416,0.96984,
   1417,0.97188,
   1418,0.97483,
   1419,0.97279,
   1420,0.97234,0.95772,0.99980,
   1421,0.96803,
   1422,0.97324,
   1423,0.97211,
   1424,0.97279,
   1425,0.96871,0.96128,0.99934,
   1426,0.97143,
   1427,0.97007,
   1428,0.96848,
   1429,0.97392,
   1430,0.97574,0.95986,0.99994,
   1431,0.97415,
   1432,0.97528,
   1433,0.97007,
   1434,0.97098,
   1435,0.96735,0.95669,0.99937,
   1436,0.96780,
   1437,0.96893,
   1438,0.96417,
   1439,0.96757,
   1440,0.96440,0.95392,0.99963,
   1441,0.96916,
   1442,0.97098,
   1443,0.96825,
   1444,0.96780,
   1445,0.97029,0.95922,0.99980,
   1446,0.96531,
   1447,0.96735,
   1448,0.96893,
   1449,0.96508,
   1450,0.96644,0.95606,0.99974,
   1451,0.96689,
   1452,0.96961,
   1453,0.96757,
   1454,0.96395,
   1455,0.96803,0.95748,0.99971,
   1456,0.97029,
   1457,0.96757,
   1458,0.96803,
   1459,0.96780,
   1460,0.96712,0.96025,0.99980,
   1461,0.96667,
   1462,0.96803,
   1463,0.96644,
   1464,0.96599,
   1465,0.96780,0.95384,0.99968,
   1466,0.96848,
   1467,0.96848,
   1468,0.97415,
   1469,0.97256,
   1470,0.96508,0.94988,0.99960,
   1471,0.97029,
   1472,0.97029,
   1473,0.96893,
   1474,0.96803,
   1475,0.96780,0.95922,0.99977,
   1476,0.96689,
   1477,0.96372,
   1478,0.96531,
   1479,0.96644,
   1480,0.96349,0.95574,0.99960,
   1481,0.96576,
   1482,0.96939,
   1483,0.96825,
   1484,0.96621,
   1485,0.96576,0.95653,0.99966,
   1486,0.96395,
   1487,0.96553,
   1488,0.96735,
   1489,0.96667,
   1490,0.96032,0.95542,0.99971,
   1491,0.96009,
   1492,0.96463,
   1493,0.96485,
   1494,0.96372,
   1495,0.96395,0.95717,0.99980,
   1496,0.96939,
   1497,0.96621,
   1498,0.95646,
   1499,0.96803,
   1500,0.96100,0.95685,0.99957,
   1501,0.96916,
   1502,0.96599,
   1503,0.96553,
   1504,0.96667,
   1505,0.96463,0.95930,0.99934,
   1506,0.96939,
   1507,0.96576,
   1508,0.96259,
   1509,0.97166,
   1510,0.96893,0.95756,0.99983,
   1511,0.96893,
   1512,0.97279,
   1513,0.96848,
   1514,0.96825,
   1515,0.96984,0.95661,0.99989,
   1516,0.96417,
   1517,0.96213,
   1518,0.96689,
   1519,0.96349,
   1520,0.96463,0.95685,0.99977,
   1521,0.96667,
   1522,0.96689,
   1523,0.97188,
   1524,0.96599,
   1525,0.96825,0.96033,0.99968,
   1526,0.96644,
   1527,0.96984,
   1528,0.96803,
   1529,0.97029,
   1530,0.96848,0.95891,0.99991,
   1531,0.96757,
   1532,0.96599,
   1533,0.96689,
   1534,0.96689,
   1535,0.96440,0.95424,0.99966,
   1536,0.96259,
   1537,0.96304,
   1538,0.96735,
   1539,0.96825,
   1540,0.96621,0.95574,0.99977,
   1541,0.96667,
   1542,0.96757,
   1543,0.96508,
   1544,0.96667,
   1545,0.96667,0.95598,0.99974,
   1546,0.96757,
   1547,0.96712,
   1548,0.96689,
   1549,0.97279,
   1550,0.96553,0.95614,0.99977,
   1551,0.96961,
   1552,0.96848,
   1553,0.96689,
   1554,0.96712,
   1555,0.96667,0.95835,0.99977,
   1556,0.96825,
   1557,0.96871,
   1558,0.96667,
   1559,0.96825,
   1560,0.96508,0.96010,0.99983,
   1561,0.97052,
   1562,0.96440,
   1563,0.96100,
   1564,0.96349,
   1565,0.96236,0.95756,0.99960,
   1566,0.96621,
   1567,0.96372,
   1568,0.96508,
   1569,0.96531,
   1570,0.96508,0.95637,0.99971,
   1571,0.97029,
   1572,0.97143,
   1573,0.97029,
   1574,0.96939,
   1575,0.97029,0.95582,0.99966,
   1576,0.96395,
   1577,0.96190,
   1578,0.96667,
   1579,0.96508,
   1580,0.96644,0.95827,0.99983,
   1581,0.96553,
   1582,0.96168,
   1583,0.96463,
   1584,0.96803,
   1585,0.97143,0.95994,0.99983,
   1586,0.97075,
   1587,0.97098,
   1588,0.96961,
   1589,0.96440,
   1590,0.96440,0.95645,0.99977,
   1591,0.96712,
   1592,0.96916,
   1593,0.96576,
   1594,0.96825,
   1595,0.96304,0.95487,0.99954,
   1596,0.96825,
   1597,0.96984,
   1598,0.97370,
   1599,0.96735,
   1600,0.96916,0.95622,0.99968,
   1601,0.96304,
   1602,0.96440,
   1603,0.96395,
   1604,0.96327,
   1605,0.96417,0.95495,0.99986,
   1606,0.96485,
   1607,0.96508,
   1608,0.96961,
   1609,0.96871,
   1610,0.96848,0.95574,0.99966,
   1611,0.96984,
   1612,0.96961,
   1613,0.97188,
   1614,0.97098,
   1615,0.96961,0.95400,0.99968,
   1616,0.96757,
   1617,0.97007,
   1618,0.96939,
   1619,0.96621,
   1620,0.96712,0.95582,0.99968,
   1621,0.97234,
   1622,0.96417,
   1623,0.96122,
   1624,0.96281,
   1625,0.96100,0.95439,0.99966,
   1626,0.96190,
   1627,0.96372,
   1628,Makefile:30: recipe for target 'train7' failed
