../miniconda3/envs/carnd-term1-gpu/bin/python Traffic_Sign_Classifier.py
Number of training examples    = 34799
Number of validation examples  = 4410
Number of testing examples     = 12630
Image data shape = (32, 32, 3)
Number of classes = 43
Training...

netdir:  dummy-to-renew
  FILTER1_NUM =  64
  FILTER2_NUM =  84
  FRC1_NUM    =  240
  FRC2_NUM    =  240

EPOCHS ,Valid  ,Test   ,Train  ,msg
      1,0.31497,
      2,0.50317,
      3,0.62086,
      4,0.69252,
      5,0.74694,0.75519,0.83359,
      6,0.80000,
      7,0.81088,
      8,0.82517,
      9,0.84399,
     10,0.85215,0.85360,0.93899,
     11,0.87143,
     12,0.87868,
     13,0.88503,
     14,0.89025,
     15,0.89433,0.88646,0.96891,
     16,0.90227,
     17,0.89705,
     18,0.91542,
     19,0.90726,
     20,0.91655,0.90459,0.98101,
     21,0.91882,
     22,0.91587,
     23,0.91633,
     24,0.92222,
     25,0.92313,0.91465,0.98830,
     26,0.92313,
     27,0.93220,0.91520,0.98833, ** Model saved **
     28,0.93401,0.92090,0.99034, ** Model saved **
     29,0.92653,
     30,0.93696,0.91781,0.99170, ** Model saved **
     31,0.92789,
     32,0.93379,
     33,0.93537,
     34,0.93583,
     35,0.93447,0.92502,0.99210,
     36,0.93515,
     37,0.93424,
     38,0.93651,
     39,0.93583,
     40,0.94195,0.92898,0.99379, ** Model saved **
     41,0.94150,
     42,0.93651,
     43,0.93787,
     44,0.94444,0.93080,0.99523, ** Model saved **
     45,0.93673,0.93468,0.99448,
     46,0.94785,0.93856,0.99560, ** Model saved **
     47,0.94399,
     48,0.94558,
     49,0.93651,
     50,0.94694,0.93001,0.99448,
     51,0.94671,
     52,0.94921,0.93278,0.99598, ** Model saved **
     53,0.95079,0.93365,0.99606, ** Model saved **
     54,0.94218,
     55,0.95125,0.93515,0.99684, ** Model saved **
     56,0.94717,
     57,0.94853,
     58,0.95442,0.94133,0.99658, ** Model saved **
     59,0.95306,
     60,0.94966,0.93848,0.99652,
     61,0.95306,
     62,0.95147,
     63,0.94853,
     64,0.95442,0.93460,0.99704, ** Model saved **
     65,0.95714,0.94054,0.99675, ** Model saved **
     66,0.95329,
     67,0.95488,
     68,0.94989,
     69,0.94649,
     70,0.95034,0.93967,0.99675,
     71,0.95578,
     72,0.95828,0.94157,0.99716, ** Model saved **
     73,0.95828,
     74,0.95646,
     75,0.95419,0.93721,0.99672,
     76,0.96168,0.94093,0.99779, ** Model saved **
     77,0.95578,
     78,0.96327,0.94355,0.99733, ** Model saved **
     79,0.95261,
     80,0.95941,0.94363,0.99776,
     81,0.95805,
     82,0.95193,
     83,0.94853,
     84,0.95669,
     85,0.95011,0.94378,0.99761,
     86,0.95624,
     87,0.96100,
     88,0.96168,
     89,0.96077,
     90,0.96054,0.94434,0.99830,
     91,0.95896,
     92,0.95125,
     93,0.95624,
     94,0.95669,
     95,0.95578,0.94497,0.99805,
     96,0.95714,
     97,0.96122,
     98,0.95941,
     99,0.96304,
    100,0.95941,0.94291,0.99859,
    101,0.96009,
    102,0.95850,
    103,0.95465,
    104,0.95420,
    105,0.95896,0.94394,0.99819,
    106,0.95850,
    107,0.95986,
    108,0.96145,
    109,0.96712,0.94711,0.99853, ** Model saved **
    110,0.95805,0.94624,0.99822,
    111,0.95556,
    112,0.95714,
    113,0.96236,
    114,0.96395,
    115,0.95805,0.94695,0.99851,
    116,0.96054,
    117,0.96032,
    118,0.96168,
    119,0.95986,
    120,0.95510,0.94719,0.99813,
    121,0.95850,
    122,0.95964,
    123,0.95102,
    124,0.95964,
    125,0.95805,0.94426,0.99816,
    126,0.96122,
    127,0.96145,
    128,0.95896,
    129,0.96236,
    130,0.96531,0.94600,0.99879,
    131,0.96122,
    132,0.95805,
    133,0.96304,
    134,0.95986,
    135,0.96100,0.94861,0.99902,
    136,0.96168,
    137,0.96281,
    138,0.95964,
    139,0.95782,
    140,0.96327,0.94687,0.99825,
    141,0.96893,0.94972,0.99879, ** Model saved **
    142,0.95828,
    143,0.96281,
    144,0.96168,
    145,0.96803,0.94759,0.99905,
    146,0.95737,
    147,0.95533,
    148,0.96032,
    149,0.96463,
    150,0.95556,0.94030,0.99816,
    151,0.95805,
    152,0.96417,
    153,0.96417,
    154,0.96372,
    155,0.96100,0.94339,0.99805,
    156,0.95624,
    157,0.95873,
    158,0.95601,
    159,0.96259,
    160,0.96508,0.95004,0.99894,
    161,0.96304,
    162,0.95805,
    163,0.95805,
    164,0.96553,
    165,0.96145,0.94347,0.99859,
    166,0.96576,
    167,0.95850,
    168,0.96667,
    169,0.96349,
    170,0.96304,0.94933,0.99902,
    171,0.96168,
    172,0.95601,
    173,0.96304,
    174,0.96100,
    175,0.95986,0.95439,0.99934,
    176,0.95964,
    177,0.96281,
    178,0.96281,
    179,0.96122,
    180,0.96712,0.94854,0.99940,
    181,0.96100,
    182,0.96213,
    183,0.96440,
    184,0.96916,0.95099,0.99934, ** Model saved **
    185,0.96531,0.94450,0.99874,
    186,0.96871,
    187,0.96553,
    188,0.96372,
    189,0.96667,
    190,0.96825,0.95487,0.99940,
    191,0.96757,
    192,0.96531,
    193,0.96599,
    194,0.96780,
    195,0.96395,0.94893,0.99905,
    196,0.96122,
    197,0.96349,
    198,0.96712,
    199,0.95873,
    200,0.96939,0.94885,0.99888, ** Model saved **
    201,0.97029,0.95455,0.99940, ** Model saved **
    202,0.96803,
    203,0.95442,
    204,0.96893,
    205,0.96372,0.94869,0.99914,
    206,Makefile:27: recipe for target 'train' failed
