../miniconda3/envs/carnd-term1-gpu/bin/python Traffic_Sign_Classifier_7.py
Number of training examples    = 34799
Number of validation examples  = 4410
Number of testing examples     = 12630
Image data shape = (32, 32, 3)
Number of classes = 43
Training...

netdir:  dummy-to-renew
  FILTER1_NUM =  64
  FILTER2_NUM =  84
  FRC1_NUM    =  240
  FRC2_NUM    =  240

EPOCHS ,Valid  ,Test   ,Train  ,msg
      1,0.32381,
      2,0.50499,
      3,0.61338,
      4,0.68594,
      5,0.74331,0.74576,0.82979,
      6,0.79297,
      7,0.80159,
      8,0.82404,
      9,0.83628,
     10,0.84240,0.84774,0.93753,
     11,0.86145,
     12,0.86667,
     13,0.87460,
     14,0.88027,
     15,0.88617,0.88504,0.96376,
     16,0.89002,
     17,0.89887,
     18,0.90385,
     19,0.90363,
     20,0.90658,0.90214,0.98052,
     21,0.90884,
     22,0.90952,
     23,0.91224,
     24,0.92063,
     25,0.91610,0.91275,0.98313,
     26,0.92222,
     27,0.92426,
     28,0.92630,
     29,0.92404,
     30,0.91927,0.91837,0.98790,
     31,0.92336,
     32,0.93197,0.91797,0.99020, ** Model saved **
     33,0.93379,0.91995,0.99049, ** Model saved **
     34,0.92562,
     35,0.93991,0.92597,0.99101, ** Model saved **
     36,0.92449,
     37,0.93605,
     38,0.93673,
     39,0.92993,
     40,0.93719,0.92763,0.99376,
     41,0.93152,
     42,0.94127,0.93064,0.99385, ** Model saved **
     43,0.93923,
     44,0.93900,
     45,0.93878,0.93183,0.99371,
     46,0.93515,
     47,0.94172,0.93001,0.99368, ** Model saved **
     48,0.93628,
     49,0.93991,
     50,0.94150,0.93040,0.99460,
     51,0.94626,0.93452,0.99440, ** Model saved **
     52,0.93946,
     53,0.93923,
     54,0.93764,
     55,0.94535,0.93761,0.99549,
     56,0.93379,
     57,0.93923,
     58,0.94444,
     59,0.94512,
     60,0.94603,0.93618,0.99618,
     61,0.94490,
     62,0.94467,
     63,0.93651,
     64,0.94172,
     65,0.94739,0.93808,0.99664, ** Model saved **
     66,0.93968,
     67,0.95170,0.93254,0.99603, ** Model saved **
     68,0.94830,
     69,0.94331,
     70,0.94875,0.93888,0.99773,
     71,0.94512,
     72,0.94830,
     73,0.95215,0.94276,0.99690, ** Model saved **
     74,0.94717,
     75,0.94671,0.93785,0.99681,
     76,0.95442,0.94505,0.99721, ** Model saved **
     77,0.94739,
     78,0.94785,
     79,0.94785,
     80,0.95011,0.94188,0.99655,
     81,0.94875,
     82,0.94082,
     83,0.94671,
     84,0.95238,
     85,0.95669,0.94426,0.99790, ** Model saved **
     86,0.94875,
     87,0.94921,
     88,0.95624,
     89,0.95624,
     90,0.95011,0.94070,0.99724,
     91,0.95215,
     92,0.94694,
     93,0.95692,0.94125,0.99759, ** Model saved **
     94,0.96145,0.94489,0.99784, ** Model saved **
     95,0.95873,0.94117,0.99764,
     96,0.95147,
     97,0.95669,
     98,0.95488,
     99,0.96009,
    100,0.95737,0.94513,0.99779,
    101,0.95306,
    102,0.95782,
    103,0.95624,
    104,0.95238,
    105,0.95374,0.94299,0.99770,
    106,0.95760,
    107,0.95805,
    108,0.95170,
    109,0.95692,
    110,0.95714,0.94893,0.99787,
    111,0.95556,
    112,0.95737,
    113,0.95646,
    114,0.96372,0.94656,0.99807, ** Model saved **
    115,0.95397,0.94616,0.99813,
    116,0.95170,
    117,0.95011,
    118,0.95782,
    119,0.95918,
    120,0.95465,0.94624,0.99830,
    121,0.95465,
    122,0.95147,
    123,0.95896,
    124,0.95510,
    125,0.95692,0.94402,0.99836,
    126,0.95669,
    127,0.95442,
    128,0.95329,
    129,0.95850,
    130,0.96122,0.94711,0.99819,
    131,0.95283,
    132,0.96327,
    133,0.96032,
    134,0.96327,
    135,0.96916,0.94869,0.99888, ** Model saved **
    136,0.95329,
    137,0.95306,
    138,0.95760,
    139,0.95896,
    140,0.95805,0.94513,0.99816,
    141,0.95533,
    142,0.96032,
    143,0.95374,
    144,0.96145,
    145,0.96213,0.94917,0.99810,
    146,0.95510,
    147,0.96236,
    148,0.96485,
    149,0.96168,
    150,0.96145,0.95107,0.99851,
    151,0.96780,
    152,0.96259,
    153,0.96712,
    154,0.96168,
    155,0.96190,0.94830,0.99871,
    156,0.96304,
    157,0.95828,
    158,0.96259,
    159,0.95578,
    160,0.95624,0.94830,0.99805,
    161,0.95102,
    162,0.95624,
    163,0.95420,
    164,0.95873,
    165,0.96281,0.95408,0.99894,
    166,0.96032,
    167,0.96168,
    168,0.96054,
    169,0.96054,
    170,0.95941,0.94450,0.99879,
    171,0.95692,
    172,0.95986,
    173,0.95669,
    174,0.95918,
    175,0.96122,0.95384,0.99911,
    176,0.96032,
    177,0.95760,
    178,0.95873,
    179,0.96259,
    180,0.96349,0.95091,0.99908,
    181,0.96168,
    182,0.95624,
    183,0.96259,
    184,0.96054,
    185,0.96145,0.94949,0.99882,
    186,0.96168,
    187,0.96281,
    188,0.96553,
    189,0.96440,
    190,0.95442,0.94798,0.99839,
    191,0.96009,
    192,0.96395,
    193,0.96327,
    194,0.96395,
    195,0.96508,0.94687,0.99882,
    196,0.96100,
    197,0.96213,
    198,0.95692,
    199,0.95986,
    200,0.96508,0.95273,0.99905,
    201,0.95828,
    202,0.96122,
    203,0.96757,
    204,0.96077,
    205,0.96168,0.95059,0.99871,
    206,0.95306,
    207,0.96145,
    208,0.96485,
    209,0.96145,
    210,0.95646,0.94561,0.99770,
    211,0.96100,
    212,0.96848,
    213,0.96054,
    214,0.96417,
    215,0.95986,0.95218,0.99897,
    216,0.96145,
    217,0.96417,
    218,0.96508,
    219,0.96757,
    220,0.96576,0.95360,0.99928,
    221,0.95896,
    222,0.96576,
    223,0.96417,
    224,0.96735,
    225,0.96349,0.95202,0.99908,
    226,0.96259,
    227,0.96417,
    228,0.96122,
    229,0.96327,
    230,0.96599,0.95099,0.99885,
    231,0.95556,
    232,0.96100,
    233,0.96304,
    234,0.96281,
    235,0.95760,0.95202,0.99934,
    236,0.96327,
    237,0.96327,
    238,0.95941,
    239,0.96236,
    240,0.96145,0.95281,0.99905,
    241,0.95442,
    242,0.96077,
    243,0.96757,
    244,0.95669,
    245,0.96054,0.95210,0.99897,
    246,0.96780,
    247,0.96190,
    248,0.96667,
    249,0.96281,
    250,0.96440,0.95226,0.99911,
    251,0.96327,
    252,0.97075,0.95851,0.99917, ** Model saved **
    253,0.96100,
    254,0.96485,
    255,0.96463,0.95669,0.99925,
    256,0.96463,
    257,0.96417,
    258,0.96712,
    259,0.96349,
    260,0.96667,0.95321,0.99917,
    261,0.96213,
    262,0.96508,
    263,0.96803,
    264,0.96304,
    265,Makefile:30: recipe for target 'train7' failed
