../miniconda3/envs/carnd-term1-gpu/bin/python Traffic_Sign_Classifier.py
Number of training examples    = 34799
Number of validation examples  = 4410
Number of testing examples     = 12630
Image data shape = (32, 32, 3)
Number of classes = 43
Training...

netdir:  dummy-to-renew
  FILTER1_NUM =  64
  FILTER2_NUM =  84
  FRC1_NUM    =  240
  FRC2_NUM    =  240

EPOCHS ,Valid  ,Test   ,Train  ,msg
      1,0.31973,
      2,0.49728,
      3,0.61882,
      4,0.69297,
      5,0.74830,0.75249,0.82916,
      6,0.79637,
      7,0.81293,
      8,0.82948,
      9,0.84626,
     10,0.85102,0.85748,0.93873,
     11,0.86825,
     12,0.87098,
     13,0.87778,
     14,0.89048,
     15,0.89206,0.88686,0.96747,
     16,0.90544,
     17,0.90113,
     18,0.91293,
     19,0.90748,
     20,0.92086,0.90934,0.98250,
     21,0.91791,
     22,0.91429,
     23,0.92268,
     24,0.92109,
     25,0.92268,0.91552,0.98641,
     26,0.93152,0.91924,0.98710, ** Model saved **
     27,0.92812,
     28,0.92812,
     29,0.92585,
     30,0.93424,0.92367,0.98954, ** Model saved **
     31,0.94172,0.92486,0.99124, ** Model saved **
     32,0.93946,
     33,0.94104,
     34,0.93084,
     35,0.93810,0.92589,0.99233,
     36,0.93991,
     37,0.93628,
     38,0.94014,
     39,0.93832,
     40,0.93787,0.92629,0.99325,
     41,0.93424,
     42,0.94059,
     43,0.94240,0.93215,0.99463, ** Model saved **
     44,0.94444,0.93120,0.99376, ** Model saved **
     45,0.93696,0.93175,0.99491,
     46,0.94717,0.93650,0.99509, ** Model saved **
     47,0.94376,
     48,0.94150,
     49,0.94263,
     50,0.94444,0.93539,0.99494,
     51,0.94943,0.93088,0.99609, ** Model saved **
     52,0.94376,
     53,0.94853,
     54,0.95170,0.93381,0.99546, ** Model saved **
     55,0.94535,0.93357,0.99606,
     56,0.95419,0.93555,0.99612, ** Model saved **
     57,0.94467,
     58,0.94875,
     59,0.95737,0.94141,0.99661, ** Model saved **
     60,0.95147,0.93808,0.99698,
     61,0.95556,
     62,0.95261,
     63,0.95261,
     64,0.95374,
     65,0.95578,0.93816,0.99690,
     66,0.95351,
     67,0.95351,
     68,0.95283,
     69,0.95510,
     70,0.95669,0.94212,0.99744,
     71,0.95261,
     72,0.95896,0.94054,0.99601, ** Model saved **
     73,0.96168,0.94869,0.99770, ** Model saved **
     74,0.95782,
     75,0.95986,0.94220,0.99756,
     76,0.95669,
     77,0.95556,
     78,0.95896,
     79,0.96145,
     80,0.96304,0.94434,0.99767, ** Model saved **
     81,0.95896,
     82,0.96145,
     83,0.96054,
     84,0.95578,
     85,0.95351,0.94687,0.99698,
     86,0.95850,
     87,0.96009,
     88,0.95419,
     89,0.95714,
     90,0.95850,0.94450,0.99759,
     91,0.95601,
     92,0.95896,
     93,0.95986,
     94,0.96100,
     95,0.95918,0.94719,0.99810,
     96,0.95601,
     97,0.95918,
     98,0.96054,
     99,0.95692,
    100,0.95782,0.94521,0.99779,
    101,0.96054,
    102,0.96349,0.94743,0.99833, ** Model saved **
    103,0.95896,
    104,0.95669,
    105,0.95828,0.94236,0.99796,
    106,0.95896,
    107,0.95918,
    108,0.95329,
    109,0.95986,
    110,0.96077,0.94299,0.99802,
    111,0.95850,
    112,0.95692,
    113,0.96100,
    114,0.95986,
    115,0.95714,0.94719,0.99879,
    116,0.96100,
    117,0.95964,
    118,0.95896,
    119,0.96009,
    120,0.96009,0.94513,0.99865,
    121,0.96440,0.94553,0.99822, ** Model saved **
    122,0.95533,
    123,0.96054,
    124,0.95964,
    125,0.96032,0.94648,0.99876,
    126,0.96304,
    127,0.95510,
    128,0.96304,
    129,0.96327,
    130,0.95782,0.94925,0.99862,
    131,0.96349,
    132,0.95828,
    133,0.96032,
    134,0.96145,
    135,0.96213,0.94521,0.99868,
    136,0.96531,0.94695,0.99868, ** Model saved **
    137,0.96077,
    138,0.96757,0.94774,0.99911, ** Model saved **
    139,0.96009,
    140,0.96463,0.94996,0.99899,
    141,0.96440,
    142,0.95918,
    143,0.96417,
    144,0.97029,0.94885,0.99859, ** Model saved **
    145,0.96168,0.95194,0.99874,
    146,0.96122,
    147,0.96848,
    148,0.96077,
    149,0.96100,
    150,0.96009,0.94220,0.99885,
    151,0.96395,
    152,0.96077,
    153,0.96236,
    154,0.95714,
    155,0.96122,0.94949,0.99851,
    156,0.96576,
    157,0.96780,
    158,0.96531,
    159,0.96372,
    160,0.96599,0.95210,0.99882,
    161,0.96576,
    162,0.96485,
    163,0.96689,
    164,0.96417,
    165,0.96667,0.95139,0.99897,
    166,0.96508,
    167,0.96009,
    168,0.95941,
    169,0.96825,
    170,0.96757,0.94980,0.99879,
    171,0.96621,
    172,0.96621,
    173,0.96621,
    174,0.96122,
    175,0.96599,0.95012,0.99914,
    176,0.96553,
    177,0.97007,
    178,0.95986,
    179,0.96871,
    180,0.95737,0.94640,0.99825,
    181,0.95896,
    182,0.96395,
    183,0.96190,
    184,0.96236,
    185,0.96372,0.94885,0.99902,
    186,0.96599,
    187,0.96395,
    188,0.96168,
    189,0.96531,
    190,0.96712,0.94933,0.99888,
    191,0.96440,
    192,0.96190,
    193,0.97483,0.95416,0.99922, ** Model saved **
    194,0.96304,
    195,0.96440,0.95281,0.99899,
    196,0.96463,
    197,0.95986,
    198,0.96009,
    199,0.96122,
    200,0.96032,0.94537,0.99836,
    201,0.96531,
    202,0.96304,
    203,0.96259,
    204,0.96304,
    205,0.96599,0.94893,0.99888,
    206,0.96757,
    207,0.97007,
    208,0.96961,
    209,0.96122,
    210,0.96689,0.95012,0.99945,
    211,0.95964,
    212,0.96077,
    213,0.96508,
    214,0.96531,
    215,0.96032,0.94901,0.99920,
    216,0.95714,
    217,0.96145,
    218,0.96395,
    219,0.96780,
    220,0.96485,0.93951,0.99856,
    221,0.96417,
    222,0.96440,
    223,0.96780,
    224,0.96100,
    225,0.97052,0.95044,0.99945,
    226,0.96871,
    227,0.96281,
    228,0.96440,
    229,0.96644,
    230,0.95873,0.93990,0.99733,
    231,0.97075,
    232,0.96576,
    233,0.96848,
    234,0.96395,
    235,0.96440,0.94576,0.99908,
    236,0.96485,
    237,0.96372,
    238,0.96508,
    239,0.97052,
    240,0.96349,0.94806,0.99934,
    241,0.96803,
    242,0.96757,
    243,0.96009,
    244,0.96054,
    245,0.96145,0.95455,0.99922,
    246,0.96667,
    247,0.96054,
    248,0.96327,
    249,0.96667,
    250,0.96576,0.95004,0.99951,
    251,0.97029,
    252,0.96735,
    253,0.96757,
    254,0.97166,
    255,0.96803,0.95305,0.99920,
    256,0.96689,
    257,0.97075,
    258,0.96780,
    259,0.96508,
    260,0.97029,0.95091,0.99928,
    261,0.97007,
    262,0.96803,
    263,0.96644,
    264,0.96463,
    265,0.96984,0.94869,0.99902,
    266,0.96803,
    267,0.97347,
    268,0.96803,
    269,0.96893,
    270,0.96984,0.95384,0.99925,
    271,0.97506,0.95709,0.99960, ** Model saved **
    272,0.96939,
    273,0.96871,
    274,0.96825,
    275,0.96780,0.95257,0.99928,
    276,0.96757,
    277,0.96871,
    278,0.96463,
    279,0.97188,
    280,0.96576,0.94711,0.99917,
    281,0.96735,
    282,0.96780,
    283,0.96984,
    284,0.96712,
    285,0.96961,0.94925,0.99908,
    286,0.96848,
    287,0.96644,
    288,0.96757,
    289,0.96349,
    290,0.96417,0.95360,0.99920,
    291,0.97007,
    292,0.97029,
    293,0.96848,
    294,0.96893,
    295,0.96984,0.95408,0.99908,
    296,0.97438,
    297,0.96553,
    298,0.96735,
    299,0.96576,
    300,0.96712,0.95194,0.99928,
    301,0.96735,
    302,0.97075,
    303,0.97007,
    304,0.96417,
    305,0.96327,0.94489,0.99925,
    306,0.96599,
    307,0.96871,
    308,0.96916,
    309,0.96508,
    310,0.96508,0.95123,0.99943,
    311,0.96599,
    312,0.96621,
    313,0.96327,
    314,0.97279,
    315,0.97120,0.95503,0.99966,
    316,0.96667,
    317,0.97029,
    318,0.97143,
    319,0.97098,
    320,0.97302,0.95542,0.99957,
    321,0.97098,
    322,0.97052,
    323,0.96893,
    324,0.96780,
    325,0.97143,0.95384,0.99934,
    326,0.96780,
    327,0.96531,
    328,0.97279,
    329,0.96599,
    330,0.97415,0.95479,0.99934,
    331,0.97029,
    332,0.97120,
    333,0.96961,
    334,0.97052,
    335,0.96689,0.95289,0.99934,
    336,0.96757,
    337,0.96916,
    338,0.97098,
    339,0.97460,
    340,0.96984,0.95281,0.99963,
    341,0.96553,
    342,0.97075,
    343,0.97279,
    344,0.96825,
    345,0.96893,0.95234,0.99948,
    346,0.97324,
    347,0.96803,
    348,0.96871,
    349,0.96961,
    350,0.97188,0.95487,0.99963,
    351,0.96984,
    352,0.97302,
    353,0.97302,
    354,0.97120,
    355,0.96780,0.95360,0.99902,
    356,0.96871,
    357,0.96735,
    358,0.97188,
    359,0.96621,
    360,0.97188,0.95574,0.99945,
    361,0.96712,
    362,0.95918,
    363,0.96553,
    364,0.96916,
    365,0.96780,0.95566,0.99940,
    366,0.96757,
    367,0.96531,
    368,0.96621,
    369,0.96803,
    370,0.97143,0.95495,0.99957,
    371,0.96667,
    372,0.96417,
    373,0.96599,
    374,0.96689,
    375,0.96463,0.95044,0.99931,
    376,0.96599,
    377,0.96327,
    378,0.96190,
    379,0.96644,
    380,0.96916,0.95653,0.99948,
    381,0.96916,
    382,0.96825,
    383,0.97098,
    384,0.97029,
    385,0.96712,0.95305,0.99937,
    386,0.96825,
    387,0.96961,
    388,0.97029,
    389,0.96712,
    390,0.97256,0.95360,0.99928,
    391,0.97188,
    392,0.97166,
    393,0.96893,
    394,0.96780,
    395,0.96485,0.94909,0.99948,
    396,0.96780,
    397,0.96712,
    398,0.96553,
    399,0.96893,
    400,0.96576,0.95566,0.99957,
    401,0.97029,
    402,0.96485,
    403,0.97211,
    404,0.96825,
    405,0.96871,0.95313,0.99945,
    406,0.97029,
    407,0.96825,
    408,0.96576,
    409,0.96712,
    410,0.96984,0.95400,0.99954,
    411,0.97302,
    412,0.97211,
    413,0.97234,
    414,0.96780,
    415,0.96644,0.95463,0.99934,
    416,0.96417,
    417,0.97052,
    418,0.96803,
    419,0.97120,
    420,0.96871,0.95677,0.99943,
    421,0.96485,
    422,0.96780,
    423,0.96508,
    424,0.96871,
    425,0.96939,0.95527,0.99940,
    426,0.97120,
    427,0.96848,
    428,0.97029,
    429,0.97302,
    430,0.96531,0.95170,0.99940,
    431,0.97211,
    432,0.96735,
    433,0.96735,
    434,0.97007,
    435,0.97052,0.95669,0.99937,
    436,0.96644,
    437,0.97211,
    438,0.96780,
    439,0.97120,
    440,0.97211,0.95146,0.99943,
    441,0.97120,
    442,0.96893,
    443,0.97528,0.95788,0.99977, ** Model saved **
    444,0.96644,
    445,0.97483,0.95764,0.99951,
    446,0.97029,
    447,0.96644,
    448,0.97052,
    449,0.97007,
    450,0.97075,0.95732,0.99943,
    451,0.96961,
    452,0.97256,
    453,0.97075,
    454,0.97075,
    455,0.96327,0.95289,0.99925,
    456,0.96893,
    457,0.96916,
    458,0.97075,
    459,0.96893,
    460,0.96780,0.95463,0.99989,
    461,0.96916,
    462,0.97120,
    463,0.97075,
    464,0.96576,
    465,0.96780,0.95313,0.99940,
    466,0.96984,
    467,0.96689,
    468,0.96780,
    469,0.96803,
    470,0.96644,0.95344,0.99940,
    471,0.96757,
    472,0.96395,
    473,0.96553,
    474,0.96848,
    475,0.96349,0.95416,0.99894,
    476,0.96213,
    477,0.96599,
    478,0.96735,
    479,0.96712,
    480,0.96848,0.95479,0.99968,
    481,0.96780,
    482,0.96145,
    483,0.96735,
    484,0.96803,
    485,0.96644,0.95495,0.99971,
    486,0.97279,
    487,0.97279,
    488,0.96531,
    489,0.96531,
    490,0.97211,0.95424,0.99948,
    491,0.96553,
    492,0.96190,
    493,0.96712,
    494,0.97029,
    495,0.96916,0.95107,0.99957,
    496,0.96803,
    497,0.96712,
    498,0.96689,
    499,0.96893,
    500,0.96939,0.95107,0.99943,
    501,0.96916,
    502,0.96689,
    503,0.97120,
    504,0.97279,
    505,0.96576,0.94980,0.99928,
    506,0.96757,
    507,0.96644,
    508,0.97120,
    509,0.96689,
    510,0.96848,0.95297,0.99957,
    511,0.96803,
    512,0.96871,
    513,0.96757,
    514,0.97098,
    515,0.96757,0.94877,0.99928,
    516,0.97143,
    517,0.97075,
    518,0.97120,
    519,0.96440,
    520,0.96803,0.95265,0.99954,
    521,0.97166,
    522,0.96961,
    523,0.96893,
    524,0.97483,
    525,0.96961,0.95574,0.99966,
    526,0.96961,
    527,0.96712,
    528,0.96871,
    529,0.97052,
    530,0.96440,0.95479,0.99945,
    531,0.96576,
    532,0.96667,
    533,0.96349,
    534,0.96599,
    535,0.96803,0.95614,0.99943,
    536,0.96372,
    537,0.96803,
    538,0.97098,
    539,0.97188,
    540,0.96916,0.95883,0.99971,
    541,0.97143,
    542,0.97460,
    543,0.97234,
    544,0.97256,
    545,0.96848,0.95574,0.99951,
    546,0.96848,
    547,0.97075,
    548,0.96916,
    549,0.97324,
    550,0.97120,0.95487,0.99943,
    551,0.97551,0.95542,0.99963, ** Model saved **
    552,0.97438,
    553,0.97052,
    554,0.97279,
    555,0.96893,0.95281,0.99940,
    556,0.97460,
    557,0.96757,
    558,0.97211,
    559,0.96984,
    560,0.96871,0.95598,0.99963,
    561,0.96735,
    562,0.96712,
    563,0.96667,
    564,0.96803,
    565,0.96757,0.95257,0.99966,
    566,0.97143,
    567,0.96757,
    568,0.96667,
    569,0.96916,
    570,0.96916,0.95994,0.99948,
    571,0.97075,
    572,0.96712,
    573,0.96803,
    574,0.97007,
    575,0.97143,0.95629,0.99971,
    576,0.96939,
    577,0.97234,
    578,0.96939,
    579,0.96893,
    580,0.97007,0.95772,0.99974,
    581,0.96893,
    582,0.96848,
    583,0.97029,
    584,0.97324,
    585,0.97211,0.95661,0.99963,
    586,0.97506,
    587,0.96916,
    588,0.97029,
    589,0.96916,
    590,0.96803,0.95463,0.99974,
    591,0.96689,
    592,0.97120,
    593,0.96599,
    594,0.96463,
    595,0.96757,0.95732,0.99948,
    596,0.96508,
    597,0.96984,
    598,0.97392,
    599,0.97188,
    600,0.97143,0.95669,0.99971,
    601,0.96689,
    602,0.97098,
    603,0.96939,
    604,0.96871,
    605,0.96893,0.95558,0.99977,
    606,0.97302,
    607,0.96961,
    608,0.97211,
    609,0.96757,
    610,0.96961,0.95257,0.99934,
    611,0.97120,
    612,0.97075,
    613,0.97166,
    614,0.96939,
    615,0.96395,0.95146,0.99940,
    616,0.96961,
    617,0.97188,
    618,0.96961,
    619,0.96689,
    620,0.97324,0.95424,0.99954,
    621,0.96893,
    622,0.96848,
    623,0.97324,
    624,0.97619,0.95606,0.99957, ** Model saved **
    625,0.97370,0.95487,0.99960,
    626,0.97256,
    627,0.96916,
    628,0.97166,
    629,0.97438,
    630,0.97029,0.95938,0.99968,
    631,0.96780,
    632,0.96984,
    633,0.96893,
    634,0.96961,
    635,0.97166,0.96350,0.99980,
    636,0.96916,
    637,0.97370,
    638,0.97302,
    639,0.97075,
    640,0.96939,0.96049,0.99963,
    641,0.97052,
    642,0.97098,
    643,0.96961,
    644,0.96712,
    645,0.96893,0.95907,0.99951,
    646,0.97188,
    647,0.96757,
    648,0.97256,
    649,0.96825,
    650,0.97098,0.95629,0.99925,
    651,0.97256,
    652,0.96939,
    653,0.96961,
    654,0.96848,
    655,0.96916,0.95875,0.99986,
    656,0.96667,
    657,0.96689,
    658,0.96349,
    659,0.96644,
    660,0.96667,0.95637,0.99971,
    661,0.96553,
    662,0.96825,
    663,0.96803,
    664,0.96961,
    665,0.96848,0.95447,0.99948,
    666,0.97098,
    667,0.96961,
    668,0.97052,
    669,0.96145,
    670,0.96848,0.95629,0.99960,
    671,0.96825,
    672,0.96984,
    673,0.97279,
    674,0.96961,
    675,0.97256,0.95748,0.99994,
    676,0.97211,
    677,0.96916,
    678,0.97460,
    679,0.97007,
    680,0.96916,0.95297,0.99954,
    681,0.96803,
    682,0.96803,
    683,0.96304,
    684,0.97052,
    685,0.96689,0.95598,0.99957,
    686,0.97098,
    687,0.97098,
    688,0.96553,
    689,0.96939,
    690,0.96984,0.95740,0.99968,
    691,0.97143,
    692,0.97120,
    693,0.96757,
    694,0.97075,
    695,0.96803,0.95645,0.99957,
    696,0.96757,
    697,0.96757,
    698,0.96803,
    699,0.96576,
    700,0.96553,0.95281,0.99914,
    701,0.96916,
    702,0.96621,
    703,0.97120,
    704,0.97166,
    705,0.97143,0.95463,0.99954,
    706,0.96939,
    707,0.96848,
    708,0.96848,
    709,0.96893,
    710,0.97460,0.95804,0.99980,
    711,0.97098,
    712,0.97075,
    713,0.96712,
    714,0.96621,
    715,0.97052,0.96176,0.99983,
    716,0.96848,
    717,0.96168,
    718,0.96236,
    719,0.96893,
    720,0.96780,0.96002,0.99928,
    721,0.97120,
    722,0.96689,
    723,0.96916,
    724,0.96916,
    725,0.96803,0.96271,0.99974,
    726,0.97188,
    727,0.97438,
    728,0.96939,
    729,0.97075,
    730,0.97098,0.96065,0.99957,
    731,0.96961,
    732,0.96916,
    733,0.96848,
    734,0.97211,
    735,0.96893,0.95851,0.99966,
    736,0.96667,
    737,0.96417,
    738,0.97256,
    739,0.97347,
    740,0.97098,0.95914,0.99974,
    741,0.96984,
    742,0.97506,
    743,0.97483,
    744,0.97279,
    745,0.96871,0.95321,0.99945,
    746,0.97211,
    747,0.96803,
    748,0.97256,
    749,0.97460,
    750,0.96848,0.96033,0.99963,
    751,0.96984,
    752,0.96757,
    753,0.97166,
    754,0.97166,
    755,0.96825,0.95693,0.99968,
    756,0.96961,
    757,0.96712,
    758,0.97166,
    759,0.96803,
    760,0.96508,0.95210,0.99948,
    761,0.96916,
    762,0.97279,
    763,0.97143,
    764,0.97143,
    765,0.97029,0.95653,0.99948,
    766,0.97302,
    767,0.97075,
    768,0.97166,
    769,0.96961,
    770,0.96848,0.95416,0.99954,
    771,0.97166,
    772,0.97120,
    773,0.97460,
    774,0.97120,
    775,0.96939,0.95891,0.99974,
    776,0.96145,
    777,0.96689,
    778,0.97007,
    779,0.96689,
    780,0.96417,0.95384,0.99963,
    781,0.96508,
    782,0.97052,
    783,0.97166,
    784,0.97392,
    785,0.96463,0.95455,0.99957,
    786,0.96531,
    787,0.96984,
    788,0.96961,
    789,0.97211,
    790,0.97120,0.95471,0.99951,
    791,0.96485,
    792,0.96893,
    793,0.97279,
    794,0.96803,
    795,0.97528,0.95986,0.99960,
    796,0.97166,
    797,0.97143,
    798,0.97166,
    799,0.97506,
    800,0.97279,0.96097,0.99968,
    801,0.96689,
    802,0.97075,
    803,0.96961,
    804,0.96939,
    805,0.97007,0.95495,0.99934,
    806,0.97302,
    807,0.97007,
    808,0.96757,
    809,0.97098,
    810,0.96961,0.95819,0.99968,
    811,0.96825,
    812,0.97528,
    813,0.97347,
    814,0.97370,
    815,0.96939,0.95685,0.99980,
    816,0.97120,
    817,0.97211,
    818,0.97166,
    819,0.97506,
    820,0.96621,0.95368,0.99945,
    821,0.96621,
    822,0.97098,
    823,0.96712,
    824,0.96689,
    825,0.96961,0.95059,0.99966,
    826,0.96916,
    827,0.96780,
    828,0.96735,
    829,0.97007,
    830,0.97075,0.95574,0.99974,
    831,0.97120,
    832,0.97052,
    833,0.96644,
    834,0.97347,
    835,0.97324,0.95629,0.99971,
    836,0.97234,
    837,0.97347,
    838,0.96893,
    839,0.97007,
    840,0.97234,0.95376,0.99974,
    841,0.97143,
    842,0.97438,
    843,0.97347,
    844,0.97029,
    845,0.96735,0.95471,0.99968,
    846,0.96757,
    847,0.96961,
    848,0.96871,
    849,0.97052,
    850,0.97120,0.95558,0.99980,
    851,0.96780,
    852,0.97234,
    853,0.96780,
    854,0.97324,
    855,0.97347,0.96049,0.99974,
    856,0.97302,
    857,0.97279,
    858,0.97007,
    859,0.97052,
    860,0.97188,0.95400,0.99974,
    861,0.96984,
    862,0.97347,
    863,0.96599,
    864,0.97120,
    865,0.96644,0.95091,0.99954,
    866,0.97188,
    867,0.96961,
    868,0.97120,
    869,0.97256,
    870,0.97075,0.95202,0.99954,
    871,0.96825,
    872,0.97098,
    873,0.97392,
    874,0.97370,
    875,0.97098,0.95637,0.99963,
    876,0.97415,
    877,0.97574,
    878,0.97279,
    879,0.97528,
    880,0.97234,0.95447,0.99971,
    881,0.97188,
    882,0.97347,
    883,0.97302,
    884,0.96757,
    885,0.96531,0.95590,0.99945,
    886,0.96576,
    887,0.96712,
    888,0.96848,
    889,0.97211,
    890,0.97302,0.95376,0.99974,
    891,0.97029,
    892,0.97506,
    893,0.97279,
    894,0.97279,
    895,0.96871,0.95851,0.99966,
    896,0.97234,
    897,0.97098,
    898,0.97256,
    899,0.97007,
    900,0.97438,0.95875,0.99968,
    901,0.97120,
    902,0.96712,
    903,0.97029,
    904,0.96893,
    905,0.97234,0.95843,0.99943,
    906,0.96916,
    907,0.96485,
    908,0.96871,
    909,0.96916,
    910,0.96984,0.95669,0.99948,
    911,0.96803,
    912,0.96893,
    913,0.97324,
    914,0.96825,
    915,0.97029,0.95851,0.99966,
    916,0.96621,
    917,0.96803,
    918,0.96553,
    919,0.96712,
    920,0.96961,0.95796,0.99968,
    921,0.96757,
    922,0.96485,
    923,0.96984,
    924,0.97120,
    925,0.96735,0.95819,0.99963,
    926,0.96803,
    927,0.96939,
    928,0.96825,
    929,0.97143,
    930,0.96961,0.95819,0.99954,
    931,0.96984,
    932,0.97188,
    933,0.97551,
    934,0.97188,
    935,0.96939,0.95740,0.99977,
    936,0.96644,
    937,0.97098,
    938,0.97324,
    939,0.96893,
    940,0.96825,0.95622,0.99957,
    941,0.97324,
    942,0.97075,
    943,0.96825,
    944,0.97279,
    945,0.97166,0.96081,0.99991,
    946,0.97596,
    947,0.97007,
    948,0.96395,
    949,0.96961,
    950,0.96825,0.95265,0.99960,
    951,0.97098,
    952,0.97551,
    953,0.97279,
    954,0.96939,
    955,0.97234,0.95804,0.99966,
    956,0.97075,
    957,0.97347,
    958,0.97098,
    959,0.97166,
    960,0.97052,0.96089,0.99989,
    961,0.97188,
    962,0.97279,
    963,0.97438,
    964,0.97302,
    965,0.97370,0.95479,0.99977,
    966,0.97302,
    967,0.97324,
    968,0.97460,
    969,0.97619,0.95914,0.99986, ** Model saved **
    970,0.97528,0.95851,0.99971,
    971,0.97279,
    972,0.97438,
    973,0.97120,
    974,0.97302,
    975,0.97075,0.95376,0.99960,
    976,0.97324,
    977,0.96984,
    978,0.97279,
    979,0.96984,
    980,0.97075,0.95408,0.99957,
    981,0.97211,
    982,0.97188,
    983,0.96984,
    984,0.97098,
    985,0.96871,0.95978,0.99963,
    986,0.97483,
    987,0.97438,
    988,0.97551,
    989,0.97347,
    990,0.97120,0.95819,0.99977,
    991,0.97506,
    992,0.97415,
    993,0.96848,
    994,0.96735,
    995,0.96803,0.95289,0.99966,
    996,0.97052,
    997,0.96939,
    998,0.97120,
    999,0.96735,
   1000,0.97007,0.95645,0.99960,
   1001,0.96667,
   1002,0.96757,
   1003,0.96712,
   1004,0.96395,
   1005,0.96848,0.95590,0.99983,
   1006,0.97438,
   1007,0.97347,
   1008,0.97256,
   1009,0.97483,
   1010,0.96757,0.96002,0.99966,
   1011,0.97551,
   1012,0.97052,
   1013,0.96961,
   1014,0.97120,
   1015,0.96689,0.96295,0.99980,
   1016,0.96644,
   1017,0.96803,
   1018,0.97098,
   1019,0.97324,
   1020,0.96757,0.95202,0.99945,
   1021,0.97166,
   1022,0.97052,
   1023,0.97211,
   1024,0.97143,
   1025,0.97302,0.95653,0.99980,
   1026,0.97052,
   1027,0.97166,
   1028,0.97234,
   1029,0.97098,
   1030,0.96803,0.95661,0.99986,
   1031,0.97506,
   1032,0.97347,
   1033,0.97029,
   1034,0.97120,
   1035,0.96735,0.95131,0.99888,
   1036,0.96984,
   1037,0.96961,
   1038,0.97370,
   1039,0.97279,
   1040,0.97098,0.96041,0.99974,
   1041,0.96961,
   1042,0.97075,
   1043,0.97256,
   1044,0.97052,
   1045,0.97438,0.95938,1.00000,
   1046,0.97302,
   1047,0.97256,
   1048,0.97143,
   1049,0.97370,
   1050,0.96871,0.95899,0.99971,
   1051,0.96667,
   1052,0.97098,
   1053,0.97755,0.96144,0.99977, ** Model saved **
   1054,0.97528,
   1055,0.97642,0.96382,0.99977,
   1056,0.97438,
   1057,0.97596,
   1058,0.97052,
   1059,0.97438,
   1060,0.97256,0.96176,0.99957,
   1061,0.97234,
   1062,0.97120,
   1063,0.96803,
   1064,0.97075,
   1065,0.96372,0.95614,0.99954,
   1066,0.97188,
   1067,0.97120,
   1068,0.97029,
   1069,0.96848,
   1070,0.97324,0.95851,0.99968,
   1071,0.97279,
   1072,0.97438,
   1073,0.97528,
   1074,0.97166,
   1075,0.97279,0.95653,0.99980,
   1076,0.97506,
   1077,0.97098,
   1078,0.97347,
   1079,0.97211,
   1080,0.97551,0.95685,0.99966,
   1081,0.97778,0.95653,0.99963, ** Model saved **
   1082,0.97642,
   1083,0.96531,
   1084,0.96667,
   1085,0.97098,0.96271,0.99980,
   1086,0.96485,
   1087,0.97302,
   1088,0.97143,
   1089,0.97528,
   1090,0.97664,0.95954,0.99991,
   1091,0.97370,
   1092,0.97120,
   1093,0.96825,
   1094,0.97211,
   1095,0.97302,0.96247,0.99986,
   1096,0.96599,
   1097,0.96712,
   1098,0.97279,
   1099,0.96984,
   1100,0.97211,0.95875,0.99960,
   1101,0.97324,
   1102,0.96644,
   1103,0.97528,
   1104,0.97392,
   1105,0.97823,0.95970,0.99983, ** Model saved **
   1106,0.97823,
   1107,0.97574,
   1108,0.97166,
   1109,0.97302,
   1110,0.96780,0.95392,0.99963,
   1111,0.96939,
   1112,0.96916,
   1113,0.96757,
   1114,0.96667,
   1115,0.96689,0.95732,0.99977,
   1116,0.97029,
   1117,0.97075,
   1118,0.96213,
   1119,0.96213,
   1120,0.97347,0.96176,0.99977,
   1121,0.96327,
   1122,0.96984,
   1123,0.96712,
   1124,0.96939,
   1125,0.96508,0.95590,0.99968,
   1126,0.97188,
   1127,0.97234,
   1128,0.96803,
   1129,0.97211,
   1130,0.97007,0.95843,0.99989,
   1131,0.97211,
   1132,0.97075,
   1133,0.96893,
   1134,0.97052,
   1135,0.97052,0.95542,0.99974,
   1136,0.96599,
   1137,0.97438,
   1138,0.97438,
   1139,0.96780,
   1140,0.97574,0.95851,0.99983,
   1141,0.96939,
   1142,0.96825,
   1143,0.97256,
   1144,0.96893,
   1145,0.97347,0.96089,0.99983,
   1146,0.97302,
   1147,0.97052,
   1148,0.97234,
   1149,0.97143,
   1150,0.97120,0.95574,0.99983,
   1151,0.97007,
   1152,0.96939,
   1153,0.97098,
   1154,0.96757,
   1155,0.96463,0.95724,0.99974,
   1156,0.97120,
   1157,0.96417,
   1158,0.96871,
   1159,0.96599,
   1160,0.96825,0.95566,0.99963,
   1161,0.97029,
   1162,0.96939,
   1163,0.97120,
   1164,0.97370,
   1165,0.96961,0.95645,0.99977,
   1166,0.96848,
   1167,0.97029,
   1168,0.96871,
   1169,0.96803,
   1170,0.97052,0.95796,0.99963,
   1171,0.97415,
   1172,0.96939,
   1173,0.96667,
   1174,0.97279,
   1175,0.97075,0.95455,0.99966,
   1176,0.97166,
   1177,0.97506,
   1178,0.96916,
   1179,0.97256,
   1180,0.97166,0.95661,0.99951,
   1181,0.96939,
   1182,0.96531,
   1183,0.97166,
   1184,0.96780,
   1185,0.96463,0.95717,0.99980,
   1186,0.96893,
   1187,0.96531,
   1188,0.96553,
   1189,0.96780,
   1190,0.97098,0.95669,0.99963,
   1191,0.97642,
   1192,0.97392,
   1193,0.97075,
   1194,0.97302,
   1195,0.97166,0.95812,0.99991,
   1196,0.97528,
   1197,0.97029,
   1198,0.96621,
   1199,0.96916,
   1200,0.96871,0.95764,0.99957,
   1201,0.97211,
   1202,0.96667,
   1203,0.96780,
   1204,0.96757,
   1205,0.96871,0.95709,0.99974,
   1206,0.96644,
   1207,0.96077,
   1208,0.96939,
   1209,0.97052,
   1210,0.96893,0.95835,0.99977,
   1211,0.96735,
   1212,0.97166,
   1213,0.97143,
   1214,0.97143,
   1215,0.96508,0.95139,0.99943,
   1216,0.97098,
   1217,0.97211,
   1218,0.97710,
   1219,0.97211,
   1220,0.97052,0.95709,0.99994,
   1221,0.96871,
   1222,0.96780,
   1223,0.96689,
   1224,0.97007,
   1225,0.97302,0.95875,0.99989,
   1226,0.97029,
   1227,0.96689,
   1228,0.96848,
   1229,0.96780,
   1230,0.97075,0.95447,0.99997,
   1231,0.97098,
   1232,0.96984,
   1233,0.96848,
   1234,0.96667,
   1235,0.96848,0.95519,0.99960,
   1236,0.96848,
   1237,0.97007,
   1238,0.96825,
   1239,0.96644,
   1240,0.96825,0.95439,0.99968,
   1241,0.96735,
   1242,0.97007,
   1243,0.96893,
   1244,0.97075,
   1245,0.97120,0.95717,0.99971,
   1246,0.96871,
   1247,0.96553,
   1248,0.97075,
   1249,0.96463,
   1250,0.96417,0.95812,0.99971,
   1251,0.96531,
   1252,0.97007,
   1253,0.97007,
   1254,0.96893,
   1255,0.97279,0.95629,0.99971,
   1256,0.96871,
   1257,0.96916,
   1258,0.97098,
   1259,0.96871,
   1260,0.97166,0.95463,0.99966,
   1261,0.96916,
   1262,0.96893,
   1263,0.96893,
   1264,0.96984,
   1265,0.97029,0.95986,0.99971,
   1266,0.97370,
   1267,0.97188,
   1268,0.96644,
   1269,0.97098,
   1270,0.97029,0.95954,0.99963,
   1271,0.96644,
   1272,0.96621,
   1273,0.96667,
   1274,0.96939,
   1275,0.96780,0.95653,0.99968,
   1276,0.96689,
   1277,0.96893,
   1278,0.96599,
   1279,0.96916,
   1280,0.97007,0.95653,0.99945,
   1281,0.97392,
   1282,0.97120,
   1283,0.96689,
   1284,0.96689,
   1285,0.96871,0.96152,0.99977,
   1286,0.97324,
   1287,0.96689,
   1288,0.96735,
   1289,0.96893,
   1290,0.97415,0.95709,0.99963,
   1291,0.97778,
   1292,0.97098,
   1293,0.97324,
   1294,0.97370,
   1295,0.97075,0.95653,0.99963,
   1296,0.97438,
   1297,0.97166,
   1298,0.97392,
   1299,0.96961,
   1300,0.97188,0.96073,0.99974,
   1301,0.97143,
   1302,0.97120,
   1303,0.97302,
   1304,0.97188,
   1305,0.97596,0.96033,0.99991,
   1306,0.97483,
   1307,0.97415,
   1308,0.97188,
   1309,0.97438,
   1310,0.96440,0.95479,0.99940,
   1311,0.97029,
   1312,0.96395,
   1313,0.97120,
   1314,0.97075,
   1315,0.97075,0.95954,0.99968,
   1316,0.96576,
   1317,0.96803,
   1318,0.96757,
   1319,0.97143,
   1320,0.96780,0.95709,0.99971,
   1321,0.96395,
   1322,0.96304,
   1323,0.96168,
   1324,0.96576,
   1325,0.96576,0.95661,0.99977,
   1326,0.96531,
   1327,0.96440,
   1328,0.96984,
   1329,0.96848,
   1330,0.97302,0.96010,0.99989,
   1331,0.97075,
   1332,0.96961,
   1333,0.96939,
   1334,0.97528,
   1335,0.97415,0.95780,0.99983,
   1336,0.97029,
   1337,0.97143,
   1338,0.96939,
   1339,0.96916,
   1340,0.97324,0.96097,0.99968,
   1341,0.97211,
   1342,0.97098,
   1343,0.96825,
   1344,0.96803,
   1345,0.96939,0.95930,0.99980,
   1346,0.96871,
   1347,0.96893,
   1348,0.97098,
   1349,0.97098,
   1350,0.96984,0.95384,0.99937,
   1351,0.97166,
   1352,0.96667,
   1353,0.96712,
   1354,0.96984,
   1355,0.96916,0.95788,0.99971,
   1356,0.97029,
   1357,0.97256,
   1358,0.97211,
   1359,0.97166,
   1360,0.97120,0.95574,0.99966,
   1361,0.96939,
   1362,0.96667,
   1363,0.96825,
   1364,0.97279,
   1365,0.96780,0.96033,0.99983,
   1366,0.97120,
   1367,0.97052,
   1368,0.96803,
   1369,0.97007,
   1370,0.97029,0.96025,0.99980,
   1371,0.96893,
   1372,0.97007,
   1373,0.96395,
   1374,0.96757,
   1375,0.96825,0.95558,0.99954,
   1376,0.96780,
   1377,0.97098,
   1378,0.96871,
   1379,0.97098,
   1380,0.97188,0.95978,0.99980,
   1381,0.97528,
   1382,0.97052,
   1383,0.96531,
   1384,0.96825,
   1385,0.96395,0.94925,0.99963,
   1386,0.96327,
   1387,0.96984,
   1388,0.97279,
   1389,0.96689,
   1390,0.96531,0.95265,0.99971,
   1391,0.96621,
   1392,0.96848,
   1393,0.96689,
   1394,0.97075,
   1395,0.97234,0.95566,0.99968,
   1396,0.97007,
   1397,0.96735,
   1398,0.97007,
   1399,0.97120,
   1400,0.97075,0.95962,0.99977,
   1401,0.96871,
   1402,0.97075,
   1403,0.97279,
   1404,0.97075,
   1405,0.97211,0.96223,0.99974,
   1406,0.97256,
   1407,0.97029,
   1408,0.97166,
   1409,0.96984,
   1410,0.96735,0.95796,0.99963,
   1411,0.97052,
   1412,0.97052,
   1413,0.97211,
   1414,0.96644,
   1415,0.97324,0.95946,0.99974,
   1416,0.97143,
   1417,0.96825,
   1418,0.96871,
   1419,0.97211,
   1420,0.97256,0.95479,0.99966,
   1421,0.97347,
   1422,0.97166,
   1423,0.96961,
   1424,0.96916,
   1425,0.97098,0.95566,0.99960,
   1426,0.96848,
   1427,0.96508,
   1428,0.96871,
   1429,0.97029,
   1430,0.97279,0.95384,0.99960,
   1431,0.97347,
   1432,0.96780,
   1433,0.97460,
   1434,0.97052,
   1435,0.96803,0.95614,0.99989,
   1436,0.96803,
   1437,0.97120,
   1438,0.97438,
   1439,0.97052,
   1440,0.97188,0.95598,0.99951,
   1441,0.97347,
   1442,0.97392,
   1443,0.97279,
   1444,0.97619,
   1445,0.97415,0.95622,0.99974,
   1446,0.97642,
   1447,0.97392,
   1448,0.97256,
   1449,0.97188,
   1450,0.97392,0.95463,0.99989,
   1451,0.96916,
   1452,0.97324,
   1453,0.97120,
   1454,0.96689,
   1455,0.97120,0.95495,0.99977,
   1456,0.97483,
   1457,0.97188,
   1458,0.97143,
   1459,0.96893,
   1460,0.97143,0.96120,0.99986,
   1461,0.97007,
   1462,0.97120,
   1463,0.96735,
   1464,0.96916,
   1465,0.97120,0.95732,0.99977,
   1466,0.96984,
   1467,0.96825,
   1468,0.96984,
   1469,0.96803,
   1470,0.96939,0.95709,0.99986,
   1471,0.97528,
   1472,0.97143,
   1473,0.96893,
   1474,0.97166,
   1475,0.97279,0.95717,0.99991,
   1476,0.97098,
   1477,0.97302,
   1478,0.97302,
   1479,0.97279,
   1480,0.96939,0.95123,0.99899,
   1481,0.97347,
   1482,0.97120,
   1483,0.96916,
   1484,0.97256,
   1485,0.97166,0.95819,0.99974,
   1486,0.97415,
   1487,0.97120,
   1488,0.97324,
   1489,0.97279,
   1490,0.96825,0.95899,0.99971,
   1491,0.96984,
   1492,0.97029,
   1493,0.97075,
   1494,0.97029,
   1495,0.97415,0.96247,0.99983,
   1496,0.96871,
   1497,0.97324,
   1498,0.97188,
   1499,0.97120,
   1500,0.97392,0.95851,0.99977,
   1501,0.97528,
   1502,0.97596,
   1503,0.97687,
   1504,0.97551,
   1505,0.97551,0.96160,0.99971,
   1506,0.97732,
   1507,0.97166,
   1508,0.96667,
   1509,0.96916,
   1510,0.97324,0.95534,0.99971,
   1511,0.96871,
   1512,0.97551,
   1513,0.97392,
   1514,0.97528,
   1515,0.97234,0.95392,0.99977,
   1516,0.97029,
   1517,0.96757,
   1518,0.97052,
   1519,0.97098,
   1520,0.96961,0.95154,0.99920,
   1521,0.97166,
   1522,0.97075,
   1523,0.97029,
   1524,0.97302,
   1525,0.97166,0.95289,0.99963,
   1526,0.96939,
   1527,0.97211,
   1528,0.97279,
   1529,0.97075,
   1530,0.97619,0.96120,0.99977,
   1531,0.97302,
   1532,0.97256,
   1533,0.96916,
   1534,0.96689,
   1535,0.96893,0.95907,0.99966,
   1536,0.97415,
   1537,0.97664,
   1538,0.96644,
   1539,0.97347,
   1540,0.97664,0.95859,0.99983,
   1541,0.97279,
   1542,0.97392,
   1543,0.97166,
   1544,0.97120,
   1545,0.97302,0.95519,0.99968,
   1546,0.96939,
   1547,0.96667,
   1548,0.96757,
   1549,0.96984,
   1550,0.96893,0.95432,0.99977,
   1551,0.97029,
   1552,0.97324,
   1553,0.97098,
   1554,0.97143,
   1555,0.97188,0.95740,0.99945,
   1556,0.97438,
   1557,0.97279,
   1558,0.97256,
   1559,0.97166,
   1560,0.97528,0.95368,0.99977,
   1561,0.97075,
   1562,0.96961,
   1563,0.97460,
   1564,0.97211,
   1565,0.97551,0.95519,0.99983,
   1566,0.97234,
   1567,0.97256,
   1568,0.97143,
   1569,0.97098,
   1570,0.96689,0.95044,0.99940,
   1571,0.97029,
   1572,0.97460,
   1573,0.97279,
   1574,0.97347,
   1575,0.97234,0.95685,0.99957,
   1576,0.97256,
   1577,0.97007,
   1578,0.97347,
   1579,0.97732,
   1580,0.97188,0.95321,0.99963,
   1581,0.97075,
   1582,0.97279,
   1583,0.97098,
   1584,0.96893,
   1585,0.97279,0.95606,0.99966,
   1586,0.96961,
   1587,0.96395,
   1588,0.97188,
   1589,0.97324,
   1590,0.97483,0.95914,0.99986,
   1591,0.97302,
   1592,0.97324,
   1593,0.97188,
   1594,0.97007,
   1595,0.97392,0.95812,0.99966,
   1596,0.97642,
   1597,0.97052,
   1598,0.96984,
   1599,0.97574,
   1600,0.97528,0.95930,0.99983,
   1601,0.97438,
   1602,0.97234,
   1603,0.97052,
   1604,0.97370,
   1605,0.97483,0.95748,0.99986,
   1606,0.97166,
   1607,0.96916,
   1608,0.97098,
   1609,0.96893,
   1610,0.97120,0.95669,0.99968,
   1611,0.96984,
   1612,0.97075,
   1613,0.97007,
   1614,0.97029,
   1615,0.97188,0.95772,0.99974,
   1616,0.97324,
   1617,0.97007,
   1618,0.97302,
   1619,0.97415,
   1620,0.96848,0.95447,0.99977,
   1621,0.97234,
   1622,0.97528,
   1623,0.97098,
   1624,0.97234,
   1625,0.97279,0.95479,0.99966,
   1626,0.97370,
   1627,0.96644,
   1628,0.96961,
   1629,0.97007,
   1630,0.97166,0.95780,0.99986,
   1631,0.97483,
   1632,0.97211,
   1633,0.97188,
   1634,0.97710,
   1635,0.97823,0.96263,0.99983,
   1636,0.97755,
   1637,0.97506,
   1638,0.97551,
   1639,0.97370,
   1640,0.97256,0.95645,0.99991,
   1641,0.96893,
   1642,0.97007,
   1643,0.97324,
   1644,0.96803,
   1645,0.96984,0.95772,0.99954,
   1646,0.97256,
   1647,0.97415,
   1648,0.97687,
   1649,0.97166,
   1650,0.97347,0.95796,0.99983,
   1651,0.97234,
   1652,0.97007,
   1653,0.97188,
   1654,0.97007,
   1655,0.96281,0.95859,0.99977,
   1656,0.97143,
   1657,0.96757,
   1658,0.96916,
   1659,0.96689,
   1660,0.96984,0.95804,0.99977,
   1661,0.96259,
   1662,0.97120,
   1663,0.97392,
   1664,0.97188,
   1665,0.97211,0.95859,0.99977,
   1666,0.97029,
   1667,0.97234,
   1668,0.97098,
   1669,0.97143,
   1670,0.97007,0.95717,0.99980,
   1671,0.97098,
   1672,0.96644,
   1673,0.96939,
   1674,0.96757,
   1675,0.96735,0.95614,0.99980,
   1676,0.97120,
   1677,0.96485,
   1678,0.96848,
   1679,0.97098,
   1680,0.96576,0.95297,0.99974,
   1681,0.96984,
   1682,0.97392,
   1683,0.97098,
   1684,0.96848,
   1685,0.97029,0.96105,0.99980,
   1686,0.97166,
   1687,0.97143,
   1688,0.96939,
   1689,0.96961,
   1690,0.96916,0.95756,0.99989,
   1691,0.97098,
   1692,0.97120,
   1693,0.97211,
   1694,0.96349,
   1695,0.96984,0.95788,0.99957,
   1696,0.96871,
   1697,0.96848,
   1698,0.97029,
   1699,0.96916,
   1700,0.96712,0.95637,0.99977,
   1701,0.97370,
   1702,0.97506,
   1703,0.96825,
   1704,0.97188,
   1705,0.97052,0.95978,0.99966,
   1706,0.96916,
   1707,0.96961,
   1708,0.97256,
   1709,0.96757,
   1710,0.97143,0.95962,0.99960,
   1711,0.97370,
   1712,0.97075,
   1713,0.97075,
   1714,0.96939,
   1715,0.97052,0.96081,0.99963,
   1716,0.97120,
   1717,0.96871,
   1718,0.97506,
   1719,0.97075,
   1720,0.97551,0.95764,0.99977,
   1721,0.96508,
   1722,0.97098,
   1723,0.96757,
   1724,0.96803,
   1725,0.97256,0.96002,0.99986,
   1726,0.97256,
   1727,0.97392,
   1728,0.97143,
   1729,0.97098,
   1730,0.97007,0.96382,0.99971,
   1731,0.97211,
   1732,0.96871,
   1733,0.96553,
   1734,0.97075,
   1735,0.96803,0.95637,0.99986,
   1736,0.96599,
   1737,0.96689,
   1738,0.97098,
   1739,0.97120,
   1740,0.97279,0.95732,0.99986,
   1741,0.97234,
   1742,0.97211,
   1743,0.97234,
   1744,0.96508,
   1745,0.97279,0.95867,0.99989,
   1746,0.96961,
   1747,0.97007,
   1748,0.97143,
   1749,0.96893,
   1750,0.96961,0.95542,0.99963,
   1751,0.96939,
   1752,0.97166,
   1753,0.96916,
   1754,0.97029,
   1755,0.97302,0.95899,0.99963,
   1756,0.97234,
   1757,0.97052,
   1758,0.97029,
   1759,0.96916,
   1760,0.97143,0.95629,0.99986,
   1761,0.97438,
   1762,0.97120,
   1763,0.97029,
   1764,0.97302,
   1765,0.97029,0.95891,0.99980,
   1766,0.96644,
   1767,0.97324,
   1768,0.97143,
   1769,0.96463,
   1770,0.97052,0.95439,0.99974,
   1771,0.96712,
   1772,0.97007,
   1773,0.96712,
   1774,0.97075,
   1775,0.97029,0.95875,0.99986,
   1776,0.96825,
   1777,0.96689,
   1778,0.97052,
   1779,0.97188,
   1780,0.97120,0.95637,0.99977,
   1781,0.97256,
   1782,0.97098,
   1783,0.96848,
   1784,0.97234,
   1785,0.96871,0.95582,0.99980,
   1786,0.96735,
   1787,0.96893,
   1788,0.96644,
   1789,0.96803,
   1790,0.96984,0.95637,0.99977,
   1791,0.96984,
   1792,0.96984,
   1793,0.97098,
   1794,0.96984,
   1795,0.96848,0.95970,0.99991,
   1796,0.96848,
   1797,0.97098,
   1798,0.96757,
   1799,0.96712,
   1800,0.97075,0.95788,0.99977,
   1801,0.97120,
   1802,0.96576,
   1803,0.96961,
   1804,0.96848,
   1805,0.96961,0.95519,0.99971,
   1806,0.97098,
   1807,0.96893,
   1808,0.96689,
   1809,0.96893,
   1810,0.96689,0.95249,0.99948,
   1811,0.97256,
   1812,0.97302,
   1813,0.97007,
   1814,0.97234,
   1815,0.97143,0.95938,0.99968,
   1816,0.97143,
   1817,0.97302,
   1818,0.96667,
   1819,0.97211,
   1820,0.96916,0.95891,0.99974,
   1821,0.97143,
   1822,0.97438,
   1823,0.97007,
   1824,0.96281,
   1825,0.96848,0.95819,0.99991,
   1826,0.96803,
   1827,0.96848,
   1828,0.96735,
   1829,0.96531,
   1830,0.96621,0.95408,0.99957,
   1831,0.96780,
   1832,0.96916,
   1833,0.97438,
   1834,0.97120,
   1835,0.96961,0.95527,0.99966,
   1836,0.96735,
   1837,0.97324,
   1838,0.96825,
   1839,0.97143,
   1840,0.97052,0.96184,0.99983,
   1841,0.96939,
   1842,0.96916,
   1843,0.96621,
   1844,0.96712,
   1845,0.97188,0.95812,0.99977,
   1846,0.96440,
   1847,0.97483,
   1848,0.96871,
   1849,0.97256,
   1850,0.96961,0.95740,0.99994,
   1851,0.96054,
   1852,0.96735,
   1853,0.96780,
   1854,0.96599,
   1855,0.96825,0.95914,0.99989,
   1856,0.97007,
   1857,0.96916,
   1858,0.97120,
   1859,0.96712,
   1860,0.96961,0.96002,0.99977,
   1861,0.96553,
   1862,0.96644,
   1863,0.97143,
   1864,0.96984,
   1865,0.96485,0.95764,0.99980,
   1866,0.96644,
   1867,0.97029,
   1868,0.96757,
   1869,0.96599,
   1870,0.96281,0.95416,0.99971,
   1871,0.96803,
   1872,0.97007,
   1873,0.96871,
   1874,0.96531,
   1875,0.96712,0.95669,0.99968,
   1876,0.96803,
   1877,0.96871,
   1878,0.96712,
   1879,0.96417,
   1880,0.96395,0.95360,0.99966,
   1881,0.96689,
   1882,0.96735,
   1883,0.96893,
   1884,0.96735,
   1885,0.96667,0.95701,0.99977,
   1886,0.96871,
   1887,0.96463,
   1888,0.96440,
   1889,0.96213,
   1890,0.96327,0.95479,0.99974,
   1891,0.96871,
   1892,0.96531,
   1893,0.96961,
   1894,0.96803,
   1895,0.96939,0.95859,0.99977,
   1896,0.97098,
   1897,0.96553,
   1898,0.96984,
   1899,0.97120,
   1900,0.96961,0.95938,0.99991,
   1901,0.96780,
   1902,0.96757,
   1903,0.96916,
   1904,0.97279,
   1905,0.97007,0.96168,0.99977,
   1906,0.97460,
   1907,0.96825,
   1908,0.97052,
   1909,0.97642,
   1910,0.97415,0.96073,0.99989,
   1911,0.97098,
   1912,0.97438,
   1913,0.97234,
   1914,0.97256,
   1915,0.96961,0.96112,0.99983,
   1916,0.96757,
   1917,0.97211,
   1918,0.97075,
   1919,0.97052,
   1920,0.96984,0.95574,0.99968,
   1921,0.97143,
   1922,0.97574,
   1923,0.97256,
   1924,0.97324,
   1925,0.97211,0.96073,0.99971,
   1926,0.97188,
   1927,0.96825,
   1928,0.96621,
   1929,0.96327,
   1930,0.96848,0.95994,0.99983,
   1931,0.97324,
   1932,0.97143,
   1933,0.96757,
   1934,0.96803,
   1935,0.96848,0.96097,0.99983,
   1936,0.96893,
   1937,0.96939,
   1938,0.96440,
