../miniconda3/envs/carnd-term1-gpu/bin/python Traffic_Sign_Classifier_7.py
Number of training examples    = 34799
Number of validation examples  = 4410
Number of testing examples     = 12630
Image data shape = (32, 32, 3)
Number of classes = 43
Training...

netdir:  dummy-to-renew
  FILTER1_NUM =  64
  FILTER2_NUM =  84
  FRC1_NUM    =  240
  FRC2_NUM    =  240

EPOCHS ,Valid  ,Test   ,Train  ,msg
      1,0.17279,
      2,0.29478,
      3,0.36689,
      4,0.43220,
      5,0.47188,0.49058,0.52625,
      6,0.50567,
      7,0.55261,
      8,0.58844,
      9,0.63356,
     10,0.66327,0.68812,0.74005,
     11,0.69342,
     12,0.71383,
     13,0.72086,
     14,0.74331,
     15,0.75692,0.76849,0.84715,
     16,0.76757,
     17,0.78912,
     18,0.80023,
     19,0.80408,
     20,0.82313,0.83317,0.90569,
     21,0.82109,
     22,0.84082,
     23,0.84308,
     24,0.84059,
     25,0.85261,0.85455,0.93393,
     26,0.84649,
     27,0.85986,
     28,0.87755,
     29,0.87778,
     30,0.87891,0.87419,0.95514,
     31,0.87438,
     32,0.88390,
     33,0.88730,
     34,0.89433,
     35,0.89660,0.88899,0.96454,
     36,0.89388,
     37,0.90113,
     38,0.90748,
     39,0.90159,
     40,0.89932,0.90135,0.97121,
     41,0.90567,
     42,0.90703,
     43,0.90408,
     44,0.91088,
     45,0.90862,0.90570,0.97704,
     46,0.91587,
     47,0.91973,
     48,0.91134,
     49,0.92200,
     50,0.92290,0.91338,0.98224,
     51,0.91383,
     52,0.91179,
     53,0.92472,
     54,0.91973,
     55,0.91973,0.91203,0.98351,
     56,0.92313,
     57,0.93265,0.91821,0.98609, ** Model saved **
     58,0.92472,
     59,0.92177,
     60,0.92494,0.91465,0.98761,
     61,0.92472,
     62,0.92154,
     63,0.93220,
     64,0.93107,
     65,0.92902,0.92502,0.98951,
     66,0.93039,
     67,0.92789,
     68,0.93084,
     69,0.93741,0.92573,0.99029, ** Model saved **
     70,0.92993,0.91995,0.98920,
     71,0.93061,
     72,0.93243,
     73,0.93401,
     74,0.93220,
     75,0.94059,0.93167,0.99014, ** Model saved **
     76,0.92608,
     77,0.93243,
     78,0.93991,
     79,0.94036,
     80,0.93333,0.93215,0.99167,
     81,0.94036,
     82,0.93968,
     83,0.93741,
     84,0.93810,
     85,0.93878,0.92779,0.99279,
     86,0.93855,
     87,0.94059,
     88,0.94467,0.93096,0.99247, ** Model saved **
     89,0.94535,0.92819,0.99221, ** Model saved **
     90,0.94512,0.93436,0.99325,
     91,0.94127,
     92,0.93719,
     93,0.94082,
     94,0.94036,
     95,0.93401,0.92858,0.99276,
     96,0.93900,
     97,0.94558,0.92977,0.99279, ** Model saved **
     98,0.94558,0.92937,0.99351, ** Model saved **
     99,0.94376,
    100,0.94603,0.93880,0.99336, ** Model saved **
    101,0.93628,
    102,0.94172,
    103,0.94558,
    104,0.94989,0.93151,0.99443, ** Model saved **
    105,0.94921,0.92835,0.99296,
    106,0.94875,
    107,0.94331,
    108,0.94535,
    109,0.94739,
    110,0.94150,0.93207,0.99351,
    111,0.94603,
    112,0.94535,
    113,0.94943,
    114,0.95737,0.93547,0.99480, ** Model saved **
    115,0.94649,0.93238,0.99330,
    116,0.95170,
    117,0.95147,
    118,0.94989,
    119,0.94898,
    120,0.95057,0.94371,0.99563,
    121,0.95079,
    122,0.95193,
    123,0.94308,
    124,0.95170,
    125,0.94762,0.93603,0.99500,
    126,0.94376,
    127,0.94286,
    128,0.95578,
    129,0.95329,
    130,0.95102,0.93452,0.99555,
    131,0.95125,
    132,0.94603,
    133,0.94535,
    134,0.94830,
    135,0.95442,0.94165,0.99491,
    136,0.94535,
    137,0.94762,
    138,0.94603,
    139,0.94966,
    140,0.94626,0.93365,0.99494,
    141,0.94830,
    142,0.94535,
    143,0.94580,
    144,0.94376,
    145,0.94649,0.94093,0.99514,
    146,0.94943,
    147,0.94853,
    148,0.95034,
    149,0.95397,
    150,0.95374,0.94117,0.99675,
    151,0.95102,
    152,0.94853,
    153,0.94399,
    154,0.95442,
    155,0.95102,0.94220,0.99638,
    156,0.94694,
    157,0.95102,
    158,0.95941,0.94236,0.99721, ** Model saved **
    159,0.95147,
    160,0.95079,0.93848,0.99649,
    161,0.94807,
    162,0.95283,
    163,0.95556,
    164,0.94898,
    165,0.95011,0.94371,0.99690,
    166,0.95147,
    167,0.95397,
    168,0.95556,
    169,0.95624,
    170,0.95329,0.94181,0.99704,
    171,0.95397,
    172,0.95215,
    173,0.95488,
    174,0.95329,
    175,0.95873,0.94070,0.99586,
    176,0.95488,
    177,0.94263,
    178,0.95102,
    179,0.95125,
    180,0.95057,0.94101,0.99701,
    181,0.95034,
    182,0.94807,
    183,0.95147,
    184,0.95261,
    185,0.94898,0.94101,0.99681,
    186,0.95283,
    187,0.95170,
    188,0.95079,
    189,0.95306,
    190,0.95578,0.94450,0.99718,
    191,0.95986,0.94283,0.99736, ** Model saved **
    192,0.94717,
    193,0.95034,
    194,0.95465,
    195,0.95442,0.94307,0.99716,
    196,0.94535,
    197,0.95397,
    198,0.95760,
    199,0.95782,
    200,0.95533,0.93658,0.99695,
    201,0.95465,
    202,0.95102,
    203,0.95420,
    204,0.95442,
    205,0.95964,0.93967,0.99707,
    206,0.95510,
    207,0.95578,
    208,0.95896,
    209,0.95873,
    210,0.95442,0.93634,0.99534,
    211,0.96077,0.94885,0.99738, ** Model saved **
    212,0.95941,
    213,0.95215,
    214,0.95601,
    215,0.95374,0.94735,0.99770,
    216,0.95964,
    217,0.95873,
    218,0.96122,0.94600,0.99718, ** Model saved **
    219,0.95578,
    220,0.95782,0.94481,0.99776,
    221,0.95465,
    222,0.95420,
    223,0.95057,
    224,0.95465,
    225,0.95306,0.94260,0.99779,
    226,0.95533,
    227,0.96032,
    228,0.96122,0.94165,0.99761, ** Model saved **
    229,0.95283,
    230,0.95351,0.94276,0.99744,
    231,0.95646,
    232,0.95782,
    233,0.95873,
    234,0.95760,
    235,0.95760,0.94386,0.99733,
    236,0.96984,0.94790,0.99710, ** Model saved **
    237,0.95918,
    238,0.96100,
    239,0.95261,
    240,0.95850,0.94450,0.99681,
    241,0.96508,
    242,0.95896,
    243,0.95556,
    244,0.96259,
    245,0.96190,0.94228,0.99805,
    246,0.95760,
    247,0.96190,
    248,0.95918,
    249,0.96190,
    250,0.96236,0.95012,0.99836,
    251,0.95986,
    252,0.95737,
    253,0.95578,
    254,0.95556,
    255,0.95034,0.93967,0.99733,
    256,0.96304,
    257,0.95964,
    258,0.95692,
    259,0.96100,
    260,0.96100,0.94418,0.99802,
    261,0.95896,
    262,0.95397,
    263,0.95624,
    264,0.96009,
    265,0.96531,0.94964,0.99836,
    266,0.96168,
    267,0.96667,
    268,0.95964,
    269,0.96032,
    270,0.95737,0.94117,0.99704,
    271,0.96168,
    272,0.95692,
    273,0.95805,
    274,0.95737,
    275,0.96553,0.94861,0.99853,
    276,0.96032,
    277,0.95510,
    278,0.95646,
    279,0.96349,
    280,0.95918,0.94656,0.99756,
    281,0.96440,
    282,0.96304,
    283,0.96190,
    284,0.96122,
    285,0.96054,0.94339,0.99793,
    286,0.96100,
    287,0.96032,
    288,0.95896,
    289,0.96054,
    290,0.96100,0.94450,0.99807,
    291,0.96259,
    292,0.95714,
    293,0.95918,
    294,0.96054,
    295,0.95669,0.94276,0.99819,
    296,0.96485,
    297,0.95714,
    298,0.95488,
    299,0.95397,
    300,0.96009,0.94941,0.99796,
    301,0.95624,
    302,0.96576,
    303,0.96417,
    304,0.96236,
    305,0.95941,0.94719,0.99859,
    306,0.95828,
    307,0.95850,
    308,0.96372,
    309,0.96576,
    310,0.96281,0.94703,0.99782,
    311,0.96440,
    312,0.96168,
    313,0.96667,
    314,0.96213,
    315,0.96304,0.95273,0.99819,
    316,0.96372,
    317,0.95193,
    318,0.96304,
    319,0.96054,
    320,0.96168,0.94917,0.99856,
    321,0.96531,
    322,0.96712,
    323,0.96281,
    324,0.96259,
    325,0.96508,0.95154,0.99842,
    326,0.95601,
    327,0.96190,
    328,0.96553,
    329,0.96712,
    330,0.96236,0.94798,0.99836,
    331,0.95873,
    332,0.95624,
    333,0.96032,
    334,0.96576,
    335,0.96576,0.94996,0.99839,
    336,0.95760,
    337,0.96327,
    338,0.96825,
    339,0.96440,
    340,0.95669,0.94964,0.99828,
    341,0.96077,
    342,0.96032,
    343,0.95692,
    344,0.96054,
    345,0.96440,0.94917,0.99879,
    346,0.96009,
    347,0.95714,
    348,0.96463,
    349,0.96667,
    350,0.96236,0.95194,0.99848,
    351,0.96236,
    352,0.96463,
    353,0.95964,
    354,0.96553,
    355,0.96848,0.95360,0.99853,
    356,0.96463,
    357,0.96553,
    358,0.96757,
    359,0.96508,
    360,0.96349,0.94838,0.99885,
    361,0.96893,
    362,0.96395,
    363,0.95828,
    364,0.96236,
    365,0.96190,0.95139,0.99805,
    366,0.96259,
    367,0.96667,
    368,0.96190,
    369,0.95941,
    370,0.95601,0.94141,0.99842,
    371,0.96281,
    372,0.95238,
    373,0.95896,
    374,0.96440,
    375,0.96304,0.94584,0.99822,
    376,0.96485,
    377,0.95873,
    378,0.96100,
    379,0.96689,
    380,0.96372,0.95115,0.99874,
    381,0.96100,
    382,0.96213,
    383,0.96417,
    384,0.96485,
    385,0.96190,0.94664,0.99871,
    386,0.96009,
    387,0.96848,
    388,0.96508,
    389,0.96236,
    390,0.96780,0.95313,0.99842,
    391,0.96417,
    392,0.95669,
    393,0.96009,
    394,0.96236,
    395,0.95782,0.94545,0.99851,
    396,0.95692,
    397,0.95669,
    398,0.96417,
    399,0.95556,
    400,0.96916,0.94830,0.99851,
    401,0.96417,
    402,0.96508,
    403,0.95760,
    404,0.95896,
    405,0.95782,0.94735,0.99871,
    406,0.95986,
    407,0.96100,
    408,0.96054,
    409,0.96077,
    410,0.96054,0.94759,0.99856,
    411,0.95873,
    412,0.96417,
    413,0.96259,
    414,0.96213,
    415,0.96032,0.94893,0.99733,
    416,0.96712,
    417,0.96463,
    418,0.96644,
    419,0.96735,
    420,0.96190,0.94735,0.99856,
    421,0.96213,
    422,0.96485,
    423,0.95805,
    424,0.96190,
    425,0.96463,0.95218,0.99876,
    426,0.95692,
    427,0.96259,
    428,0.95850,
    429,0.96168,
    430,0.96599,0.94956,0.99894,
    431,0.95782,
    432,0.96281,
    433,0.96077,
    434,0.95397,
    435,0.95828,0.94766,0.99871,
    436,0.96190,
    437,0.95828,
    438,0.95601,
    439,0.96553,
    440,0.95442,0.94371,0.99764,
    441,0.96281,
    442,0.95873,
    443,0.95533,
    444,0.95556,
    445,0.96077,0.94418,0.99807,
    446,0.96327,
    447,0.96213,
    448,0.96553,
    449,0.96599,
    450,0.96100,0.95091,0.99914,
    451,0.95125,
    452,0.96531,
    453,0.96689,
    454,0.96213,
    455,0.96576,0.95186,0.99888,
    456,0.96848,
    457,0.96349,
    458,0.96621,
    459,0.96531,
    460,0.96168,0.94434,0.99813,
    461,0.96054,
    462,0.96372,
    463,0.95873,
    464,0.96531,
    465,0.96372,0.94766,0.99868,
    466,0.96712,
    467,0.95578,
    468,0.96236,
    469,0.96349,
    470,0.96757,0.94909,0.99859,
    471,0.96825,
    472,0.96939,
    473,0.96485,
    474,0.95828,
    475,0.96372,0.95083,0.99894,
    476,0.95986,
    477,0.96327,
    478,0.96349,
    479,0.96372,
    480,0.96032,0.94901,0.99856,
    481,0.96395,
    482,0.96463,
    483,0.96281,
    484,0.96372,
    485,0.96349,0.94592,0.99871,
    486,0.95873,
    487,0.96145,
    488,0.96463,
    489,0.96599,
    490,0.96621,0.95154,0.99888,
    491,0.96327,
    492,0.96531,
    493,0.96032,
    494,0.96054,
    495,0.95374,0.94869,0.99822,
    496,0.95964,
    497,0.96531,
    498,0.96644,
    499,0.96463,
    500,0.95986,0.94846,0.99874,
    501,0.96463,
    502,0.96190,
    503,0.96168,
    504,0.96395,
    505,0.96145,0.95067,0.99914,
    506,0.95624,
    507,0.95510,
    508,0.95737,
    509,0.96395,
    510,0.96259,0.95226,0.99856,
    511,0.96168,
    512,0.95986,
    513,0.95941,
    514,0.96077,
    515,0.96032,0.95004,0.99853,
    516,0.96259,
    517,0.96485,
    518,0.95964,
    519,0.96213,
    520,0.96395,0.95123,0.99908,
    521,0.96440,
    522,0.96304,
    523,0.96281,
    524,0.96531,
    525,0.97029,0.94956,0.99888, ** Model saved **
    526,0.96825,
    527,0.96100,
    528,0.96077,
    529,0.96485,
    530,0.96417,0.95146,0.99874,
    531,0.96531,
    532,0.96236,
    533,0.95964,
    534,0.96304,
    535,0.96009,0.94798,0.99862,
    536,0.96100,
    537,0.96485,
    538,0.95986,
    539,0.96281,
    540,0.95238,0.94664,0.99876,
    541,0.96463,
    542,0.96417,
    543,0.95692,
    544,0.96077,
    545,0.96803,0.95352,0.99908,
    546,0.96145,
    547,0.96735,
    548,0.96032,
    549,0.96463,
    550,0.96077,0.94925,0.99891,
    551,0.95941,
    552,0.96553,
    553,0.96599,
    554,0.96667,
    555,0.96644,0.95123,0.99874,
    556,0.96735,
    557,0.96712,
    558,0.96304,
    559,0.96213,
    560,0.95964,0.94513,0.99899,
    561,0.96009,
    562,0.96122,
    563,0.96667,
    564,0.96304,
    565,0.95986,0.94964,0.99894,
    566,0.96236,
    567,0.96417,
    568,0.96916,
    569,0.96304,
    570,0.96327,0.95028,0.99830,
    571,0.96417,
    572,0.97052,0.95131,0.99899, ** Model saved **
    573,0.96349,
    574,0.96531,
    575,0.96100,0.94766,0.99862,
    576,0.96259,
    577,0.96599,
    578,0.97143,0.94735,0.99894, ** Model saved **
    579,0.97188,0.95139,0.99925, ** Model saved **
    580,0.96780,0.95146,0.99937,
    581,0.96916,
    582,0.96395,
    583,0.96893,
    584,0.96553,
    585,0.96735,0.95131,0.99894,
    586,0.96281,
    587,0.96485,
    588,0.96485,
    589,0.95760,
    590,0.96395,0.95091,0.99888,
    591,0.96145,
    592,0.95850,
    593,0.96349,
    594,0.96372,
    595,0.96599,0.94822,0.99885,
    596,0.96440,
    597,0.96327,
    598,0.96213,
    599,0.96417,
    600,0.96009,0.94584,0.99882,
    601,0.96440,
    602,0.96327,
    603,0.96576,
    604,0.96327,
    605,0.96304,0.94925,0.99902,
    606,0.95986,
    607,0.96054,
    608,0.96417,
    609,0.95828,
    610,0.95896,0.95218,0.99922,
    611,0.96236,
    612,0.95964,
    613,0.96100,
    614,0.96372,
    615,0.96145,0.95194,0.99894,
    616,0.95556,
    617,0.96032,
    618,0.95283,
    619,0.96621,
    620,0.96621,0.95400,0.99902,
    621,0.96621,
    622,0.96100,
    623,0.96621,
    624,0.96032,
    625,0.97052,0.94869,0.99920,
    626,0.96236,
    627,0.95964,
    628,0.96667,
    629,0.96689,
    630,0.96508,0.94988,0.99905,
    631,0.96553,
    632,0.96939,
    633,0.96712,
    634,0.96463,
    635,0.96168,0.95012,0.99914,
    636,0.96349,
    637,0.96757,
    638,0.96145,
    639,0.96304,
    640,0.96145,0.95107,0.99905,
    641,0.96100,
    642,0.95896,
    643,0.95578,
    644,0.95782,
    645,0.96304,0.94854,0.99908,
    646,0.96259,
    647,0.96259,
    648,0.96190,
    649,0.96553,
    650,0.96349,0.95091,0.99865,
    651,0.96825,
    652,0.96372,
    653,0.96009,
    654,0.96780,
    655,0.96871,0.95257,0.99945,
    656,0.96463,
    657,0.96667,
    658,0.96327,
    659,0.97211,0.95447,0.99897, ** Model saved **
    660,0.96803,0.95067,0.99905,
    661,0.97370,0.95186,0.99905, ** Model saved **
    662,0.96689,
    663,0.96009,
    664,0.96349,
    665,0.96848,0.95186,0.99888,
    666,0.96667,
    667,0.96122,
    668,0.96327,
    669,0.96667,
    670,0.96893,0.94766,0.99888,
    671,0.96281,
    672,0.96712,
    673,0.95737,
    674,0.96304,
    675,0.96077,0.94909,0.99839,
    676,0.95918,
    677,0.96417,
    678,0.96009,
    679,0.96349,
    680,0.96735,0.94458,0.99816,
    681,0.95805,
    682,0.96122,
    683,0.95873,
    684,0.96417,
    685,0.96599,0.95241,0.99922,
    686,0.96395,
    687,0.96168,
    688,0.95873,
    689,0.96281,
    690,0.96304,0.95226,0.99920,
    691,0.95488,
    692,0.95737,
    693,0.96667,
    694,0.96077,
    695,0.96463,0.94632,0.99871,
    696,0.96236,
    697,0.96122,
    698,0.96349,
    699,0.96372,
    700,0.96100,0.94830,0.99888,
    701,0.96327,
    702,0.95692,
    703,0.96939,
    704,0.96463,
    705,0.96485,0.95495,0.99922,
    706,0.96803,
    707,0.96939,
    708,0.96689,
    709,0.96327,
    710,0.96621,0.95249,0.99908,
    711,0.96236,
    712,0.96100,
    713,0.96689,
    714,0.96349,
    715,0.96508,0.95273,0.99905,
    716,0.95669,
    717,0.95374,
    718,0.96145,
    719,0.96485,
    720,0.96327,0.94861,0.99905,
    721,0.96213,
    722,0.96032,
    723,0.95488,
    724,0.96281,
    725,0.95624,0.94086,0.99793,
    726,0.96372,
    727,0.96508,
    728,0.96236,
    729,0.96667,
    730,0.96780,0.95234,0.99922,
    731,0.96327,
    732,0.96939,
    733,0.96122,
    734,0.96349,
    735,0.96304,0.95273,0.99914,
    736,0.96417,
    737,0.96463,
    738,0.96757,
    739,0.96508,
    740,0.96757,0.94838,0.99899,
    741,0.96621,
    742,0.95669,
    743,0.95941,
    744,0.96667,
    745,0.96304,0.95400,0.99922,
    746,0.96032,
    747,0.96304,
    748,0.96712,
    749,0.96349,
    750,0.96531,0.94735,0.99876,
    751,0.95669,
    752,0.96349,
    753,0.96395,
    754,0.96054,
    755,0.96553,0.94719,0.99931,
    756,0.96304,
    757,0.95805,
    758,0.96395,
    759,0.96667,
    760,0.97029,0.95202,0.99922,
    761,0.96916,
    762,0.97029,
    763,0.97120,
    764,0.96961,
    765,0.96939,0.95321,0.99920,
    766,0.96395,
    767,0.96145,
    768,0.96440,
    769,0.96122,
    770,0.96667,0.95051,0.99928,
    771,0.95828,
    772,0.96372,
    773,0.96553,
    774,0.96485,
    775,0.96508,0.95218,0.99914,
    776,0.96939,
    777,0.96508,
    778,0.96780,
    779,0.96757,
    780,0.96531,0.95123,0.99948,
    781,0.96871,
    782,0.96100,
    783,0.96213,
    784,0.96599,
    785,0.96644,0.95661,0.99911,
    786,0.96508,
    787,0.96825,
    788,0.96485,
    789,0.96893,
    790,0.96825,0.95218,0.99934,
    791,0.96871,
    792,0.97029,
    793,0.96440,
    794,0.95986,
    795,0.96916,0.95186,0.99920,
    796,0.96825,
    797,0.96485,
    798,0.96440,
    799,0.96463,
    800,0.96893,0.95709,0.99934,
    801,0.97098,
    802,0.96372,
    803,0.96689,
    804,0.96689,
    805,0.96281,0.94988,0.99902,
    806,0.96032,
    807,0.96485,
    808,0.96213,
    809,0.96780,
    810,0.96485,0.95574,0.99908,
    811,0.96689,
    812,0.96349,
    813,0.96531,
    814,0.96576,
    815,0.96667,0.95416,0.99885,
    816,0.96553,
    817,0.95669,
    818,0.96463,
    819,0.96689,
    820,0.96168,0.95099,0.99899,
    821,0.96757,
    822,0.96757,
    823,0.96349,
    824,0.96100,
    825,0.96893,0.95360,0.99897,
    826,0.96984,
    827,0.96531,
    828,0.96757,
    829,0.96077,
    830,0.96304,0.95170,0.99882,
    831,0.96100,
    832,0.96553,
    833,0.96825,
    834,0.95624,
    835,0.95986,0.95344,0.99911,
    836,0.95941,
    837,0.96372,
    838,0.96236,
    839,0.96599,
    840,0.96327,0.95590,0.99934,
    841,0.96372,
    842,0.96780,
    843,0.96667,
    844,0.96372,
    845,0.96576,0.95036,0.99928,
    846,0.96961,
    847,0.96553,
    848,0.96712,
    849,0.96984,
    850,0.96349,0.94806,0.99914,
    851,0.96644,
    852,0.96009,
    853,0.96349,
    854,0.96599,
    855,0.96508,0.95194,0.99920,
    856,0.96349,
    857,0.96871,
    858,0.96417,
    859,0.96735,
    860,0.96236,0.94014,0.99784,
    861,0.96667,
    862,0.97143,
    863,0.96848,
    864,0.96644,
    865,0.96871,0.94964,0.99899,
    866,0.96531,
    867,0.96190,
    868,0.96757,
    869,0.96372,
    870,0.96871,0.95265,0.99922,
    871,0.96893,
    872,0.95964,
    873,0.96871,
    874,0.96871,
    875,0.96576,0.95194,0.99922,
    876,0.96984,
    877,0.95941,
    878,0.96893,
    879,0.96190,
    880,0.96485,0.95178,0.99960,
    881,0.97052,
    882,0.96712,
    883,0.97120,
    884,0.97166,
    885,0.96236,0.95234,0.99899,
    886,0.96440,
    887,0.96417,
    888,0.96553,
    889,0.96916,
    890,0.96939,0.95463,0.99911,
    891,0.97075,
    892,0.96599,
    893,0.96757,
    894,0.95873,
    895,0.96485,0.95447,0.99911,
    896,0.96485,
    897,0.96803,
    898,0.96871,
    899,0.97188,
    900,0.96712,0.95329,0.99882,
    901,0.96712,
    902,0.96281,
    903,0.97166,
    904,0.96825,
    905,0.96644,0.95566,0.99943,
    906,0.96485,
    907,0.96372,
    908,0.96576,
    909,0.96667,
    910,0.96236,0.95131,0.99943,
    911,0.96372,
    912,0.96054,
    913,0.95760,
    914,0.96576,
    915,0.96893,0.95226,0.99917,
    916,0.96735,
    917,0.96395,
    918,0.96689,
    919,0.96780,
    920,0.97029,0.95329,0.99925,
    921,0.96984,
    922,0.96712,
    923,0.97007,
    924,0.97075,
    925,0.96621,0.95519,0.99943,
    926,0.96825,
    927,0.96916,
    928,0.96871,
    929,0.96848,
    930,0.96871,0.95566,0.99948,
    931,0.96780,
    932,0.97007,
    933,0.96009,
    934,0.95964,
    935,0.96553,0.95202,0.99931,
    936,0.96304,
    937,0.96644,
    938,0.96644,
    939,0.96100,
    940,0.96485,0.95178,0.99922,
    941,0.96417,
    942,0.96190,
    943,0.97029,
    944,0.97143,
    945,0.96735,0.95210,0.99954,
    946,0.96735,
    947,0.96780,
    948,0.97211,
    949,0.96825,
    950,0.96689,0.95321,0.99914,
    951,0.96599,
    952,0.96757,
    953,0.96757,
    954,0.96871,
    955,0.96848,0.95447,0.99908,
    956,0.96757,
    957,0.96780,
    958,0.96871,
    959,0.97120,
    960,0.96893,0.94901,0.99882,
    961,0.96984,
    962,0.97279,
    963,0.96576,
    964,0.96757,
    965,0.97279,0.95432,0.99905,
    966,0.96417,
    967,0.97075,
    968,0.96916,
    969,0.97211,
    970,0.96667,0.95289,0.99937,
    971,0.96961,
    972,0.96712,
    973,0.97120,
    974,0.97098,
    975,0.97098,0.95598,0.99948,
    976,0.96485,
    977,0.96644,
    978,0.96667,
    979,0.96939,
    980,0.96848,0.94893,0.99882,
    981,0.97188,
    982,0.97234,
    983,0.97075,
    984,0.97279,
    985,0.97098,0.95123,0.99922,
    986,0.97075,
    987,0.96621,
    988,0.96621,
    989,0.97029,
    990,0.97029,0.95107,0.99943,
    991,0.97052,
    992,0.97211,
    993,0.97007,
    994,0.96417,
    995,0.96644,0.94664,0.99891,
    996,0.96757,
    997,0.96893,
    998,0.96939,
    999,0.96100,
   1000,0.96100,0.95392,0.99934,
   1001,0.96667,
   1002,0.96939,
   1003,0.96893,
   1004,0.96939,
   1005,0.97120,0.95289,0.99943,
   1006,0.96757,
   1007,0.96825,
   1008,0.96893,
   1009,0.96667,
   1010,0.96916,0.95455,0.99934,
   1011,0.96735,
   1012,0.96100,
   1013,0.96984,
   1014,0.96961,
   1015,0.96440,0.95036,0.99908,
   1016,0.96984,
   1017,0.96259,
   1018,0.96825,
   1019,0.96281,
   1020,0.97143,0.95162,0.99931,
   1021,0.96485,
   1022,0.96757,
   1023,0.97211,
   1024,0.96893,
   1025,0.96576,0.94949,0.99931,
   1026,0.97234,
   1027,0.96893,
   1028,0.96553,
   1029,0.97528,0.95265,0.99925, ** Model saved **
   1030,0.96848,0.94972,0.99957,
   1031,0.96916,
   1032,0.96100,
   1033,0.96939,
   1034,0.96984,
   1035,0.96485,0.94996,0.99902,
   1036,0.97120,
   1037,0.96440,
   1038,0.96780,
   1039,0.96757,
   1040,0.96576,0.94181,0.99894,
   1041,0.97098,
   1042,0.96803,
   1043,0.96735,
   1044,0.96621,
   1045,0.97007,0.95075,Makefile:30: recipe for target 'train7' failed
