../miniconda3/envs/carnd-term1-gpu/bin/python Traffic_Sign_Classifier.py
Number of training examples    = 34799
Number of validation examples  = 4410
Number of testing examples     = 12630
Image data shape = (32, 32, 3)
Number of classes = 43
Training...

netdir:  dummy-to-renew
  FILTER1_NUM =  64
  FILTER2_NUM =  84
  FRC1_NUM    =  240
  FRC2_NUM    =  240

EPOCHS ,Valid  ,Test   ,Train  ,msg
      1,0.31882,
      2,0.49864,
      3,0.61655,
      4,0.69728,
      5,0.74580,0.75566,0.82954,
      6,0.79206,
      7,0.81111,
      8,0.82381,
      9,0.84512,
     10,0.85193,0.86002,0.93983,
     11,0.86803,
     12,0.87778,
     13,0.88707,
     14,0.89206,
     15,0.89796,0.88884,0.96862,
     16,0.90249,
     17,0.89955,
     18,0.91088,
     19,0.90612,
     20,0.91587,0.90570,0.97963,
     21,0.91043,
     22,0.91769,
     23,0.91678,
     24,0.91678,
     25,0.92857,0.91821,0.98704,
     26,0.92290,
     27,0.92834,
     28,0.93220,0.92051,0.99078, ** Model saved **
     29,0.92472,
     30,0.93243,0.92296,0.98960, ** Model saved **
     31,0.93039,
     32,0.93787,0.92074,0.99126, ** Model saved **
     33,0.93492,
     34,0.93741,
     35,0.94195,0.92352,0.99172, ** Model saved **
     36,0.93923,
     37,0.93810,
     38,0.93968,
     39,0.93719,
     40,0.93810,0.92906,0.99408,
     41,0.93810,
     42,0.93605,
     43,0.93628,
     44,0.94150,
     45,0.94308,0.93032,0.99411, ** Model saved **
     46,0.94422,0.92906,0.99451, ** Model saved **
     47,0.94286,
     48,0.94694,0.93120,0.99443, ** Model saved **
     49,0.94762,0.93674,0.99601, ** Model saved **
     50,0.94626,0.93135,0.99457,
     51,0.94467,
     52,0.95147,0.93428,0.99543, ** Model saved **
     53,0.94807,
     54,0.95283,0.93808,0.99658, ** Model saved **
     55,0.94263,0.93436,0.99543,
     56,0.95057,
     57,0.95465,0.93990,0.99638, ** Model saved **
     58,0.94694,
     59,0.95125,
     60,0.95261,0.93990,0.99707,
     61,0.95283,
     62,0.95011,
     63,0.94558,
     64,0.94853,
     65,0.95374,0.94030,0.99698,
     66,0.95601,0.93864,0.99759, ** Model saved **
     67,0.94989,
     68,0.95465,
     69,0.94989,
     70,0.95556,0.94220,0.99761,
     71,0.95918,0.94592,0.99744, ** Model saved **
     72,0.95896,
     73,0.95442,
     74,0.95760,
     75,0.95782,0.94141,0.99767,
     76,0.95215,
     77,0.95057,
     78,0.96032,0.94371,0.99793, ** Model saved **
     79,0.95170,
     80,0.95420,0.93927,0.99744,
     81,0.95147,
     82,0.95828,
     83,0.95351,
     84,0.95760,
     85,0.95941,0.94378,0.99813,
     86,0.95488,
     87,0.96327,0.94695,0.99802, ** Model saved **
     88,0.96304,
     89,0.95714,
     90,0.95556,0.94561,0.99802,
     91,0.95624,
     92,0.96304,
     93,0.96735,0.94481,0.99851, ** Model saved **
     94,0.95918,
     95,0.95306,0.94466,0.99784,
     96,0.95125,
     97,0.95669,
     98,0.95828,
     99,0.95578,
    100,0.95533,0.94315,0.99805,
    101,0.95782,
    102,0.96122,
    103,0.95850,
    104,0.96168,
    105,0.95782,0.94592,0.99845,
    106,0.95714,
    107,0.95556,
    108,0.96349,
    109,0.94626,
    110,0.95782,0.94671,0.99830,
    111,0.95896,
    112,0.95850,
    113,0.96032,
    114,0.96463,
    115,0.96553,0.94917,0.99862,
    116,0.95102,
    117,0.96145,
    118,0.96190,
    119,0.96259,
    120,0.95624,0.94640,0.99796,
    121,0.96145,
    122,0.95102,
    123,0.95624,
    124,0.95896,
    125,0.96032,0.95051,0.99925,
    126,0.96122,
    127,0.96168,
    128,0.95986,
    129,0.96009,
    130,0.95669,0.94885,0.99885,
    131,0.95828,
    132,0.95533,
    133,0.96327,
    134,0.96168,
    135,0.95760,0.94481,0.99810,
    136,0.95986,
    137,0.96463,
    138,0.96531,
    139,0.96236,
    140,0.95828,0.94363,0.99839,
    141,0.96009,
    142,0.95624,
    143,0.96190,
    144,0.96644,
    145,0.96168,0.94592,0.99851,
    146,0.95669,
    147,0.95782,
    148,0.96077,
    149,0.95601,
    150,0.95714,0.94450,0.99894,
    151,0.96236,
    152,0.96780,0.94988,0.99859, ** Model saved **
    153,0.96259,
    154,0.95329,
    155,0.96576,0.94956,0.99914,
    156,0.96440,
    157,0.96463,
    158,0.96440,
    159,0.96395,
    160,0.96281,0.94719,0.99882,
    161,0.96372,
    162,0.96372,
    163,0.96236,
    164,0.96281,
    165,0.96190,0.94766,0.99894,
    166,0.96712,
    167,0.96712,
    168,0.96621,
    169,0.96259,
    170,0.96236,0.94743,0.99862,
    171,0.96531,
    172,0.96621,
    173,0.96417,
    174,0.96689,
    175,0.96576,0.94814,0.99897,
    176,0.96644,
    177,0.96304,
    178,0.96395,
    179,0.96621,
    180,0.96395,0.94671,0.99839,
    181,0.96531,
    182,0.96236,
    183,0.96644,
    184,0.96644,
    185,0.96417,0.94941,0.99897,
    186,0.96100,
    187,0.96372,
    188,0.96213,
    189,0.96644,
    190,0.96916,0.95257,0.99911, ** Model saved **
    191,0.97347,0.95170,0.99920, ** Model saved **
    192,0.97098,
    193,0.96780,
    194,0.96667,
    195,0.96644,0.94972,0.99925,
    196,0.96032,
    197,0.96576,
    198,0.96417,
    199,0.96236,
    200,0.96712,0.94766,0.99934,
    201,0.96621,
    202,0.95896,
    203,0.96485,
    204,0.97234,
    205,0.96757,0.94774,0.99888,
    206,0.96145,
    207,0.96848,
    208,0.96281,
    209,0.97098,
    210,0.96372,0.95036,0.99862,
    211,0.96485,
    212,0.96281,
    213,0.96122,
    214,0.96961,
    215,0.96689,0.95044,0.99899,
    216,0.96871,
    217,0.96893,
    218,0.96871,
    219,0.95805,
    220,0.96689,0.94901,0.99911,
    221,0.96644,
    222,0.96349,
    223,0.96122,
    224,0.96621,
    225,0.96009,0.95083,0.99922,
    226,0.95850,
    227,0.96122,
    228,0.96576,
    229,0.96440,
    230,0.96440,0.94806,0.99905,
    231,0.96576,
    232,0.96417,
    233,0.96304,
    234,0.96100,
    235,0.96893,0.95059,0.99937,
    236,0.95669,
    237,0.96213,
    238,0.96440,
    239,0.96689,
    240,0.96236,0.94735,0.99894,
    241,0.96780,
    242,0.96349,
    243,0.95805,
    244,0.96485,
    245,0.96644,0.95012,0.99943,
    246,0.96576,
    247,0.96327,
    248,0.96576,
    249,0.96689,
    250,0.96916,0.95218,0.99951,
    251,0.96712,
    252,0.97075,
    253,0.96667,
    254,0.96712,
    255,0.97143,0.95519,0.99954,
    256,0.96984,
    257,0.96417,
    258,0.97007,
    259,0.96689,
    260,0.97029,0.95329,0.99902,
    261,0.96644,
    262,0.96213,
    263,0.96327,
    264,0.96780,
    265,0.96939,0.95717,0.99917,
    266,0.96689,
    267,0.96531,
    268,0.96440,
    269,0.96848,
    270,0.97029,0.95091,0.99914,
    271,0.96531,
    272,0.96803,
    273,0.96100,
    274,0.96780,
    275,0.96599,0.95455,0.99928,
    276,0.96304,
    277,0.96349,
    278,0.96463,
    279,0.96531,
    280,0.96372,0.94949,0.99945,
    281,0.96599,
    282,0.96825,
    283,0.96735,
    284,0.96667,
    285,0.96735,0.95289,0.99920,
    286,0.96304,
    287,0.96893,
    288,0.96644,
    289,0.96644,
    290,0.96349,0.95146,0.99897,
    291,0.96531,
    292,0.97007,
    293,0.96667,
    294,0.97029,
    295,0.96803,0.94790,0.99951,
    296,0.97143,
    297,0.96893,
    298,0.97188,
    299,0.96712,
    300,0.96372,0.95036,0.99934,
    301,0.96848,
    302,0.96485,
    303,0.97098,
    304,0.96893,
    305,0.96757,0.95162,0.99928,
    306,0.96780,
    307,0.96712,
    308,0.96485,
    309,0.96009,
    310,0.95896,0.94545,0.99931,
    311,0.96712,
    312,0.96667,
    313,0.96848,
    314,0.96327,
    315,0.97143,0.95732,0.99960,
    316,0.96553,
    317,0.96485,
    318,0.97029,
    319,0.96553,
    320,0.97052,0.95400,0.99914,
    321,0.96757,
    322,0.96168,
    323,0.97007,
    324,0.97234,
    325,0.96780,0.95487,0.99954,
    326,0.96417,
    327,0.97098,
    328,0.97052,
    329,0.97166,
    330,0.97029,0.94711,0.99934,
    331,0.97211,
    332,0.96644,
    333,0.96735,
    334,0.96848,
    335,0.96440,0.95210,0.99945,
    336,0.96553,
    337,0.96576,
    338,0.97098,
    339,0.96553,
    340,0.95782,0.94070,0.99779,
    341,0.96984,
    342,0.96848,
    343,0.96961,
    344,0.97075,
    345,0.96893,0.94854,0.99940,
    346,0.96848,
    347,0.97029,
    348,0.96553,
    349,0.96780,
    350,0.97098,0.95202,0.99951,
    351,0.97188,
    352,0.96939,
    353,0.96644,
    354,0.96803,
    355,0.97052,0.95139,0.99963,
    356,0.96939,
    357,0.97279,
    358,0.97143,
    359,0.97324,
    360,0.97438,0.95701,0.99954, ** Model saved **
    361,0.97052,
    362,0.97188,
    363,0.96757,
    364,0.97392,
    365,0.97120,0.95432,0.99943,
    366,0.96961,
    367,0.96916,
    368,0.96916,
    369,0.96848,
    370,0.97551,0.95598,0.99957, ** Model saved **
    371,0.96893,
    372,0.96848,
    373,0.96871,
    374,0.97098,
    375,0.97324,0.95186,0.99922,
    376,0.97370,
    377,0.97075,
    378,0.97302,
    379,0.97166,
    380,0.97460,0.95408,0.99957,
    381,0.97234,
    382,0.97098,
    383,0.97483,
    384,0.97596,0.95447,0.99968, ** Model saved **
    385,0.96984,0.95162,0.99954,
    386,0.97166,
    387,0.96893,
    388,0.96939,
    389,0.96213,
    390,0.96939,0.95511,0.99977,
    391,0.96168,
    392,0.95986,
    393,0.96667,
    394,0.97007,
    395,0.97528,0.95740,0.99968,
    396,0.97438,
    397,0.97098,
    398,0.97007,
    399,0.97075,
    400,0.96417,0.94964,0.99902,
    401,0.97007,
    402,0.97098,
    403,0.97007,
    404,0.97302,
    405,0.97370,0.95511,0.99951,
    406,0.97528,
    407,0.97415,
    408,0.97029,
    409,0.96961,
    410,0.96871,0.95463,0.99974,
    411,0.96803,
    412,0.97188,
    413,0.96893,
    414,0.97052,
    415,0.97007,0.95645,0.99968,
    416,0.96621,
    417,0.96984,
    418,0.96848,
    419,0.97234,
    420,0.97143,0.94988,0.99951,
    421,0.97370,
    422,0.97188,
    423,0.97642,0.95566,0.99945, ** Model saved **
    424,0.97460,
    425,0.97211,0.95218,0.99951,
    426,0.97234,
    427,0.96984,
    428,0.97302,
    429,0.96939,
    430,0.97075,0.95432,0.99945,
    431,0.97052,
    432,0.97188,
    433,0.96689,
    434,0.97370,
    435,0.96871,0.95344,0.99914,
    436,0.97234,
    437,0.96871,
    438,0.96576,
    439,0.97007,
    440,0.96689,0.94933,0.99940,
    441,0.96327,
    442,0.96077,
    443,0.95918,
    444,0.97029,
    445,0.96621,0.95321,0.99966,
    446,0.96939,
    447,0.96916,
    448,0.97279,
    449,0.97075,
    450,0.97234,0.95519,0.99971,
    451,0.97234,
    452,0.97007,
    453,0.96508,
    454,0.97188,
    455,0.96644,0.95463,0.99937,
    456,0.96757,
    457,0.96825,
    458,0.97211,
    459,0.97347,
    460,0.97143,0.95352,0.99971,
    461,0.97007,
    462,0.96803,
    463,0.96916,
    464,0.96440,
    465,0.96689,0.95384,0.99931,
    466,0.97234,
    467,0.97143,
    468,0.97098,
    469,0.96395,
    470,0.96757,0.95115,0.99931,
    471,0.96848,
    472,0.97075,
    473,0.97166,
    474,0.97029,
    475,0.97551,0.95439,0.99960,
    476,0.97528,
    477,0.97528,
    478,0.96780,
    479,0.97619,
    480,0.97619,0.95527,0.99948,
    481,0.97370,
    482,0.96735,
    483,0.97234,
    484,0.96961,
    485,0.96939,0.95756,0.99917,
    486,0.97438,
    487,0.96667,
    488,0.96916,
    489,0.96599,
    490,0.97234,0.95511,0.99974,
    491,0.97302,
    492,0.96893,
    493,0.97483,
    494,0.97460,
    495,0.97211,0.95178,0.99934,
    496,0.96780,
    497,0.97188,
    498,0.96961,
    499,0.96871,
    500,0.97256,0.95614,0.99968,
    501,0.96939,
    502,0.97211,
    503,0.97188,
    504,0.97415,
    505,0.97664,0.95772,0.99951, ** Model saved **
    506,0.97029,
    507,0.96735,
    508,0.96825,
    509,0.96259,
    510,0.96984,0.95598,0.99963,
    511,0.97052,
    512,0.97415,
    513,0.97188,
    514,0.97143,
    515,0.97460,0.95827,0.99989,
    516,0.96961,
    517,0.97120,
    518,0.96848,
    519,0.97143,
    520,0.97075,0.95637,0.99948,
    521,0.97302,
    522,0.96735,
    523,0.96939,
    524,0.97483,
    525,0.97279,0.95645,0.99983,
    526,0.97143,
    527,0.96961,
    528,0.97098,
    529,0.96531,
    530,0.96599,0.95384,0.99954,
    531,0.97166,
    532,0.97120,
    533,0.96984,
    534,0.97234,
    535,0.96893,0.95756,0.99966,
    536,0.96236,
    537,0.96485,
    538,0.96848,
    539,0.97279,
    540,0.97370,0.95574,0.99960,
    541,0.97370,
    542,0.97392,
    543,0.97438,
    544,0.97324,
    545,0.96984,0.95558,0.99951,
    546,0.97279,
    547,0.97029,
    548,0.96961,
    549,0.96689,
    550,0.96259,0.95527,0.99966,
    551,0.97279,
    552,0.96916,
    553,0.96508,
    554,0.97029,
    555,0.97234,0.95566,0.99968,
    556,0.96712,
    557,0.97029,
    558,0.97324,
    559,0.96916,
    560,0.96621,0.95439,0.99934,
    561,0.96916,
    562,0.97029,
    563,0.96689,
    564,0.96599,
    565,0.96961,0.95352,0.99971,
    566,0.96032,
    567,0.97052,
    568,0.96780,
    569,0.96848,
    570,0.96916,0.95329,0.99963,
    571,0.97256,
    572,0.97120,
    573,0.97256,
    574,0.97256,
    575,0.97823,0.95645,0.99974, ** Model saved **
    576,0.97302,
    577,0.97392,
    578,0.96440,
    579,0.97234,
    580,0.96780,0.95376,0.99966,
    581,0.96621,
    582,0.96939,
    583,0.97211,
    584,0.96281,
    585,0.97166,0.95384,0.99960,
    586,0.96689,
    587,0.97256,
    588,0.97664,
    589,0.96803,
    590,0.97143,0.95677,0.99977,
    591,0.96893,
    592,0.96939,
    593,0.96848,
    594,0.96689,
    595,0.96735,0.95297,0.99968,
    596,0.97120,
    597,0.96916,
    598,0.96621,
    599,0.97234,
    600,0.96599,0.95487,0.99960,
    601,0.96712,
    602,0.97143,
    603,0.97007,
    604,0.97506,
    605,0.97574,0.96128,0.99989,
    606,0.97166,
    607,0.96417,
    608,0.97052,
    609,0.97166,
    610,0.96939,0.95550,0.99986,
    611,0.97075,
    612,0.97234,
    613,0.96984,
    614,0.97007,
    615,0.96916,0.95139,0.99937,
    616,0.96871,
    617,0.97007,
    618,0.97347,
    619,0.97438,
    620,0.97302,0.96089,0.99968,
    621,0.97302,
    622,0.97188,
    623,0.97188,
    624,0.97279,
    625,0.97075,0.95511,0.99963,
    626,0.97574,
    627,0.97415,
    628,0.97302,
    629,0.97415,
    630,0.96803,0.95471,0.99957,
    631,0.96893,
    632,0.96825,
    633,0.97075,
    634,0.97143,
    635,0.97506,0.95566,0.99954,
    636,0.96667,
    637,0.97029,
    638,0.97188,
    639,0.97438,
    640,0.96893,0.95424,0.99966,
    641,0.96871,
    642,0.96848,
    643,0.96871,
    644,0.97234,
    645,0.97143,0.95455,0.99960,
    646,0.97347,
    647,0.97098,
    648,0.97166,
    649,0.96871,
    650,0.96689,0.95392,0.99957,
    651,0.96667,
    652,0.97075,
    653,0.97188,
    654,0.97256,
    655,0.97098,0.95487,0.99951,
    656,0.97120,
    657,0.96531,
    658,0.96848,
    659,0.96984,
    660,0.96893,0.95875,0.99980,
    661,0.97438,
    662,0.97211,
    663,0.97007,
    664,0.96712,
    665,0.96961,0.95210,0.99957,
    666,0.97098,
    667,0.97438,
    668,0.97596,
    669,0.97007,
    670,0.97098,0.95305,0.99937,
    671,0.96984,
    672,0.97392,
    673,0.97324,
    674,0.97392,
    675,0.97324,0.95717,0.99980,
    676,0.97120,
    677,0.97483,
    678,0.97143,
    679,0.97415,
    680,0.97528,0.95534,0.99966,
    681,0.96848,
    682,0.96780,
    683,0.96712,
    684,0.97143,
    685,0.96349,0.94893,0.99891,
    686,0.96599,
    687,0.97052,
    688,0.96916,
    689,0.97052,
    690,0.97234,0.96017,0.99983,
    691,0.97279,
    692,0.96984,
    693,0.96939,
    694,0.96780,
    695,0.97098,0.95653,0.99963,
    696,0.96871,
    697,0.97075,
    698,0.97120,
    699,0.97211,
    700,0.96463,0.95582,0.99951,
    701,0.96281,
    702,0.96780,
    703,0.96893,
    704,0.97029,
    705,0.97347,0.95938,0.99977,
    706,0.97370,
    707,0.97302,
    708,0.97574,
    709,0.97370,
    710,0.97075,0.96033,0.99974,
    711,0.97324,
    712,0.97460,
    713,0.97188,
    714,0.97347,
    715,0.97460,0.95748,0.99974,
    716,0.97483,
    717,0.97619,
    718,0.96735,
    719,0.97438,
    720,0.97098,0.95542,0.99986,
    721,0.97370,
    722,0.97211,
    723,0.97415,
    724,0.96825,
    725,0.96893,0.95629,0.99954,
    726,0.96848,
    727,0.96372,
    728,0.97098,
    729,0.97120,
    730,0.97302,0.95669,0.99971,
    731,0.96825,
    732,0.97143,
    733,0.97347,
    734,0.97166,
    735,0.97596,0.95804,0.99968,
    736,0.96621,
    737,0.97120,
    738,0.97347,
    739,0.97120,
    740,0.97211,0.95891,0.99963,
    741,0.97166,
    742,0.97279,
    743,0.97256,
    744,0.97120,
    745,0.97324,0.96002,0.99968,
    746,0.97438,
    747,0.97256,
    748,0.96984,
    749,0.96689,
    750,0.97098,0.95416,0.99931,
    751,0.96735,
    752,0.96667,
    753,0.96667,
    754,0.96644,
    755,0.97029,0.95701,0.99977,
    756,0.96757,
    757,0.97324,
    758,0.97438,
    759,0.97392,
    760,0.97483,0.95930,0.99980,
    761,0.97098,
    762,0.96984,
    763,0.96735,
    764,0.96803,
    765,0.97302,0.95542,0.99977,
    766,0.97052,
    767,0.96939,
    768,0.96848,
    769,0.97120,
    770,0.97234,0.95479,0.99966,
    771,0.97438,
    772,0.96689,
    773,0.96916,
    774,0.96893,
    775,0.96463,0.95709,0.99966,
    776,0.96259,
    777,0.96644,
    778,0.96553,
    779,0.96893,
    780,0.96621,0.95930,0.99986,
    781,0.97302,
    782,0.97370,
    783,0.96984,
    784,0.97143,
    785,0.96599,0.95558,0.99951,
    786,0.96984,
    787,0.97007,
    788,0.97052,
    789,0.97528,
    790,0.97120,0.95566,0.99974,
    791,0.96349,
    792,0.97029,
    793,0.96961,
    794,0.96712,
    795,0.97234,0.95970,0.99980,
    796,0.97098,
    797,0.96916,
    798,0.96848,
    799,0.96848,
    800,0.96871,0.95511,0.99989,
    801,0.97166,
    802,0.97166,
    803,0.97098,
    804,0.97211,
    805,0.97279,0.95566,0.99983,
    806,0.96848,
    807,0.96961,
    808,0.97098,
    809,0.96599,
    810,0.97098,0.95748,0.99968,
    811,0.97098,
    812,0.97007,
    813,0.97075,
    814,0.97166,
    815,0.97324,0.95384,0.99971,
    816,0.97551,
    817,0.97392,
    818,0.97279,
    819,0.97007,
    820,0.97098,0.95954,0.99968,
    821,0.96780,
    822,0.96803,
    823,0.96667,
    824,0.97256,
    825,0.97188,0.95756,0.99968,
    826,0.97279,
    827,0.97279,
    828,0.96939,
    829,0.96599,
    830,0.97234,0.95796,0.99977,
    831,0.97098,
    832,0.97483,
    833,0.97506,
    834,0.96893,
    835,0.96893,0.95914,0.99960,
    836,0.97075,
    837,0.96689,
    838,0.97211,
    839,0.97551,
    840,0.97483,0.95907,0.99977,
    841,0.97098,
    842,0.96871,
    843,0.97438,
    844,0.97415,
    845,0.97687,0.95875,0.99960,
    846,0.97800,
    847,0.97347,
    848,0.97279,
    849,0.97279,
    850,0.97324,0.95376,0.99974,
    851,0.97166,
    852,0.97506,
    853,0.97664,
    854,0.97483,
    855,0.97052,0.95384,0.99948,
    856,0.97143,
    857,0.97483,
    858,0.96417,
    859,0.96553,
    860,0.97166,0.95558,0.99968,
    861,0.96893,
    862,0.97302,
    863,0.97619,
    864,0.97460,
    865,0.97324,0.95289,0.99980,
    866,0.97324,
    867,0.97256,
    868,0.96576,
    869,0.96916,
    870,0.97347,0.95724,0.99977,
    871,0.97052,
    872,0.97120,
    873,0.97392,
    874,0.97324,
    875,0.97642,0.95907,0.99971,
    876,0.97732,
    877,0.97098,
    878,0.97370,
    879,0.97098,
    880,0.97460,0.95693,0.99960,
    881,0.96848,
    882,0.97528,
    883,0.97075,
    884,0.97075,
    885,0.97007,0.95487,0.99968,
    886,0.96667,
    887,0.96984,
    888,0.97075,
    889,0.97075,
    890,0.96803,0.95930,0.99971,
    891,0.96757,
    892,0.97075,
    893,0.97302,
    894,0.97143,
    895,0.97642,0.95653,0.99983,
    896,0.97664,
    897,0.97483,
    898,0.97279,
    899,0.97143,
    900,0.96735,0.95297,0.99931,
    901,0.96961,
    902,0.97234,
    903,0.97302,
    904,0.97007,
    905,0.97302,0.96081,0.99974,
    906,0.97551,
    907,0.96939,
    908,0.97120,
    909,0.97302,
    910,0.97324,0.95392,0.99986,
    911,0.97052,
    912,0.97279,
    913,0.97029,
    914,0.96961,
    915,0.97120,0.95819,0.99974,
    916,0.96893,
    917,0.97234,
    918,0.97483,
    919,0.97415,
    920,0.97370,0.95756,0.99980,
    921,0.97007,
    922,0.97098,
    923,0.97120,
    924,0.96644,
    925,0.96780,0.95622,0.99966,
    926,0.97075,
    927,0.96757,
    928,0.97188,
    929,0.97211,
    930,0.97188,0.95709,0.99974,
    931,0.97574,
    932,0.97302,
    933,0.97460,
    934,0.97166,
    935,0.97574,0.95851,0.99968,
    936,0.97415,
    937,0.97256,
    938,0.97392,
    939,0.97075,
    940,0.97256,0.95622,0.99971,
    941,0.97370,
    942,0.97370,
    943,0.97234,
    944,0.97347,
    945,0.97302,0.96144,0.99974,
    946,0.96735,
    947,0.97347,
    948,0.96984,
    949,0.97370,
    950,0.97370,0.95740,0.99951,
    951,0.97211,
    952,0.97324,
    953,0.97914,0.96049,0.99963, ** Model saved **
    954,0.97642,
    955,0.97370,0.96112,0.99968,
    956,0.97800,
    957,0.97166,
    958,0.96621,
    959,0.97506,
    960,0.97415,0.95685,0.99980,
    961,0.98050,0.95788,0.99980, ** Model saved **
    962,0.97415,
    963,0.97211,
    964,0.97347,
    965,0.97347,0.95978,0.99983,
    966,0.97755,
    967,0.97324,
    968,0.96757,
    969,0.97460,
    970,0.97619,0.95907,0.99974,
    971,0.96939,
    972,0.97120,
    973,0.97370,
    974,0.96757,
    975,0.97392,0.95677,0.99971,
    976,0.96916,
    977,0.97392,
    978,0.97029,
    979,0.97098,
    980,0.96916,0.95645,0.99966,
    981,0.96939,
    982,0.97279,
    983,0.97324,
    984,0.96939,
    985,0.96893,0.95447,0.99971,
    986,0.97324,
    987,0.96961,
    988,0.97029,
    989,0.97506,
    990,0.97415,0.96223,0.99977,
    991,0.97075,
    992,0.97166,
    993,0.97075,
    994,0.97143,
    995,0.97324,0.95788,0.99977,
    996,0.97143,
    997,0.97324,
    998,0.97075,
    999,0.97052,
   1000,0.96961,0.95764,0.99974,

Validation Accuracy = 0.97211
test Accuracy       = 0.95827
Training Accuracy   = 0.99986

